0,0,0,0,0,0,0,0,0,0,0,0,0,0,0,0,0,0,0,0,0,0,0,0,0,0,0,0,0,0,0
0.00804,-7.00E-06,-7.00E-06,-7.00E-06,-7.00E-06,5.00E-06,-7.00E-06,-7.00E-06,-7.00E-06,-7.00E-06,-7.00E-06,-7.00E-06,-7.00E-06,-7.00E-06,-7.00E-06,-7.00E-06,-7.00E-06,-7.00E-06,-7.00E-06,-7.00E-06,1.60E-05,-7.00E-06,-7.00E-06,-7.00E-06,-7.00E-06,-7.00E-06,-7.00E-06,-5.00E-06,-7.00E-06,-7.00E-06,-7.00E-06
0.016,-0.000168,-0.000169,-0.000169,-0.000169,-0.000112,-0.000162,-0.000169,-0.000169,-0.000169,-0.000169,-0.000169,-0.000144,-0.000169,-0.000169,-0.000169,-0.000169,-0.000169,-0.000169,-0.000169,-9.20E-05,-0.000169,-0.000169,-0.000155,-0.000169,-0.000166,-0.000169,-0.000128,-0.000169,-0.000167,-0.000169
0.024,0.000269,-0.000166,-0.000166,-0.000138,-0.000119,-0.000134,-0.000166,-0.000166,-0.000166,-0.000166,-0.00016,-0.000124,-0.000166,-0.000166,4.00E-06,-0.000148,-0.000164,-0.000166,-0.000166,-0.000116,-0.000166,-0.000165,-0.000125,-0.000166,0.000374,-0.000166,-0.000122,-0.000166,-0.000139,-5.60E-05
0.032,0.001092,1.01E-04,9.00E-06,0.000556,2.40E-05,1.20E-05,1.80E-05,9.00E-06,9.00E-06,9.00E-06,2.70E-05,2.80E-05,1.10E-05,9.00E-06,0.00082,1.60E-05,2.60E-05,9.00E-06,3.20E-05,2.90E-05,9.00E-06,0.00029,2.10E-05,1.20E-05,0.001172,9.00E-06,2.60E-05,9.00E-06,1.10E-05,0.000709
0.04,0.001004,0.000421,4.00E-06,0.000559,2.20E-05,-2.60E-05,-2.00E-06,-2.00E-06,-1.00E-06,1.10E-04,-1.20E-05,-2.00E-06,9.00E-06,1.80E-05,0.000726,-2.00E-05,-6.00E-06,-2.00E-06,0.000336,4.00E-05,0,0.000481,-1.60E-05,5.00E-06,0.001098,4.80E-05,7.00E-06,7.00E-06,-2.80E-05,0.000645
0.048,0.000886,0.000385,-3.80E-05,0.000449,2.00E-06,-2.10E-05,-5.90E-05,2.10E-05,-2.90E-05,0.000197,-4.20E-05,-1.70E-05,-4.90E-05,0.00016,0.000576,-3.10E-05,-5.70E-05,-1.30E-05,0.000299,2.20E-05,-3.40E-05,0.000428,-1.80E-05,-5.40E-05,0.000996,0.000173,-1.20E-05,-4.30E-05,-2.40E-05,0.000499
0.056,0.001171,1.43E-04,-0.000166,0.000462,-7.30E-05,-0.000122,-0.000158,-7.00E-06,-6.80E-05,-3.10E-05,-0.000148,-0.000102,-0.000164,4.50E-05,0.000733,-0.000134,-0.00016,-5.80E-05,3.10E-05,-4.90E-05,-0.000161,0.000299,-0.000115,-0.000155,0.001308,2.00E-06,-9.20E-05,-0.000169,-0.000127,0.000597
0.064,0.001601,0.000294,-0.000104,0.00069,-9.40E-05,-0.000148,-0.000134,-0.00019,-8.10E-05,3.20E-05,-0.000144,-0.000134,-1.00E-04,-0.000104,0.001065,-0.000147,-0.000144,-0.00017,1.68E-04,-6.50E-05,-7.10E-05,0.000485,-0.000141,-0.000127,0.00176,-3.70E-05,-0.000118,-1.00E-04,-0.000148,0.000875
0.072,0.001797,0.000594,-5.10E-05,0.000928,6.00E-05,6.00E-06,3.40E-05,2.20E-05,7.00E-06,0.000309,2.60E-05,2.10E-05,4.60E-05,9.30E-05,0.001258,1.40E-05,5.00E-05,1.00E-05,0.000466,9.40E-05,-3.50E-05,0.000747,9.00E-06,6.30E-05,0.001972,0.000191,3.60E-05,-2.00E-05,9.00E-06,0.00109
0.0801,0.001833,0.000499,-7.80E-05,0.000845,8.90E-05,2.10E-05,-8.90E-05,0.000193,7.80E-05,0.000293,3.10E-05,3.70E-05,-6.00E-05,0.000232,0.001226,1.00E-06,-4.50E-05,0.000148,0.00039,0.000129,-4.00E-05,0.000652,2.50E-05,-7.50E-05,0.002029,0.000252,5.70E-05,-7.30E-05,2.20E-05,0.001031
0.088,0.001862,0.00037,1.10E-05,0.000777,2.90E-05,-7.90E-05,-1.19E-04,1.80E-05,-2.50E-05,1.08E-04,-0.000115,-3.50E-05,0.00E+00,6.80E-05,0.001189,-0.000124,-0.000144,-1.20E-05,2.13E-04,7.10E-05,-3.00E-06,0.000569,-2.20E-05,-6.00E-05,0.00208,8.00E-05,-2.00E-06,1.20E-05,-0.000109,0.000977
0.096,0.002088,0.000342,-9.00E-05,0.000831,-2.50E-05,-0.000178,-7.70E-05,-0.000191,-0.000175,4.00E-06,-6.00E-05,-0.000108,-9.10E-05,-0.000115,0.001321,-0.000138,-5.60E-05,-0.000203,1.67E-04,6.30E-05,-0.000102,0.000575,-0.00014,-9.00E-05,0.002329,-7.40E-05,-8.00E-05,-9.40E-05,-0.000177,0.001073
0.104,0.002511,0.000522,-0.00022,0.001074,-5.50E-05,-6.80E-05,-0.000171,-8.50E-05,-0.00015,0.000156,-7.60E-05,-4.20E-05,-0.000232,1.20E-05,0.001622,-9.50E-05,-9.90E-05,-0.000119,0.000334,8.00E-06,-0.000191,0.000777,-4.20E-05,-0.000217,0.002784,6.90E-05,-6.80E-05,-0.000229,-8.60E-05,0.001343
0.112,0.002792,0.000726,-2.70E-05,0.001315,0.000173,2.30E-05,-3.90E-05,0.000176,6.20E-05,0.0004,-8.80E-05,1.03E-04,-1.80E-05,0.000265,0.001883,-7.60E-05,-7.00E-05,0.000126,0.000543,0.000253,-8.00E-06,0.001001,8.30E-05,-2.70E-05,0.003082,0.000323,0.000119,-1.90E-05,-2.40E-05,0.001596
0.12,0.002831,0.000668,7.90E-05,0.001249,0.000153,-3.10E-05,1.70E-05,0.00012,8.20E-05,0.000307,-6.20E-05,-3.00E-06,9.40E-05,0.000177,0.001846,-5.60E-05,-5.20E-05,1.02E-04,0.000479,0.000272,7.20E-05,0.000929,-2.50E-05,6.20E-05,0.003144,0.000221,5.40E-05,9.20E-05,-3.60E-05,0.001542
0.128,0.002908,0.000495,-0.000105,0.001132,6.60E-05,-3.50E-05,-8.30E-05,-9.50E-05,-0.000104,1.16E-04,-3.20E-05,-4.60E-05,-8.20E-05,-1.30E-05,0.001808,-2.10E-05,-5.60E-05,-1.00E-04,0.000292,0.000155,-0.000104,0.000782,-5.90E-05,-9.00E-05,0.003253,3.30E-05,-5.00E-06,-8.90E-05,-2.10E-05,0.001463
0.136,0.003186,0.000536,-0.000219,0.001256,0.000162,-4.60E-05,-0.000145,-0.000126,-0.000177,1.09E-04,-5.80E-05,3.40E-05,-0.000204,-3.50E-05,0.001998,-6.30E-05,-8.50E-05,-0.000146,0.000303,0.000237,-0.000206,0.000865,-1.90E-05,-0.000182,0.003553,1.80E-05,9.70E-05,-0.000214,-5.30E-05,0.001615
0.144,0.003632,0.000757,-0.000136,0.00156,0.000162,-0.000169,-0.000193,-2.70E-05,-0.000111,0.000299,-0.000225,9.00E-06,-0.000147,1.18E-04,0.002367,-0.000233,-0.000207,-7.60E-05,0.000507,0.000259,-0.000124,0.00113,-8.10E-05,-0.000182,0.004025,0.00019,8.40E-05,-0.000135,-0.000201,0.001953
0.152,0.003948,0.000926,4.80E-05,0.001755,0.000182,-1.50E-05,-2.80E-05,0.000186,0.000115,0.000469,-4.70E-05,2.90E-05,2.00E-05,0.000305,0.002608,-4.00E-05,-5.10E-05,0.000156,0.000674,0.0003,7.10E-05,0.001311,1.00E-06,-1.10E-05,0.004367,0.000366,9.00E-05,3.60E-05,-2.20E-05,0.002173
0.16,0.004014,0.000834,2.10E-05,0.001681,0.000294,0.000112,4.90E-05,1.19E-04,6.50E-05,0.000367,0.000106,0.000128,3.90E-05,0.000216,0.002579,0.000114,7.00E-05,9.90E-05,0.00058,0.000408,3.60E-05,0.001222,0.000106,3.80E-05,0.004459,0.000271,0.000197,2.80E-05,0.000121,0.002116
0.168,0.004152,0.000684,-0.000168,0.001617,0.000292,-2.30E-05,-0.000115,-0.000119,-0.000164,1.70E-04,-0.000108,8.40E-05,-0.00013,0,0.002604,-8.30E-05,-0.000121,-0.000146,0.000399,0.000418,-0.000169,0.001113,2.20E-05,-0.000124,0.004626,6.30E-05,0.000177,-0.000149,-4.30E-05,0.002095
0.176,0.004488,0.000809,-0.000181,0.001825,0.000209,-9.00E-05,-0.000196,-7.00E-05,-0.000148,2.22E-04,-0.000166,-3.00E-06,-0.000187,3.70E-05,0.00286,-0.000137,-0.000186,-0.000109,0.000486,0.000346,-0.000165,0.001291,-5.70E-05,-0.000201,0.004984,1.03E-04,9.10E-05,-0.000183,-0.000106,0.002332
0.184,0.004928,0.001046,-1.11E-04,0.002118,0.000206,-8.40E-05,-0.000167,1.00E-04,-2.70E-05,0.000456,-0.000141,4.00E-06,-0.00014,0.000247,0.003213,-0.000127,-0.000156,3.20E-05,0.000719,0.000351,-8.20E-05,0.001547,-4.80E-05,-0.000165,0.005458,0.000325,9.00E-05,-0.000122,-9.90E-05,0.002647
0.192,0.005291,0.001171,5.50E-05,0.002308,0.000405,6.30E-05,2.40E-05,0.00023,0.000126,0.000563,2.10E-05,0.00017,4.30E-05,0.000352,0.00347,2.00E-05,2.30E-05,0.00018,0.000835,0.00055,7.90E-05,0.001691,0.000109,2.60E-05,0.005843,0.000431,0.000277,5.00E-05,4.60E-05,0.002866
0.2,0.005455,0.001074,4.50E-05,0.002305,0.000489,0.000183,8.30E-05,1.21E-04,6.30E-05,0.000432,0.000115,0.000279,6.20E-05,0.000219,0.003543,0.000128,9.60E-05,9.60E-05,0.000716,0.000624,5.00E-05,0.001645,0.000222,6.70E-05,0.006035,0.000295,0.000376,5.40E-05,0.000162,0.002905
0.208,0.005611,0.000976,-0.000192,0.00228,0.000368,-2.20E-05,-0.000175,-7.90E-05,-0.000158,0.000295,-0.000119,0.00011,-0.000185,5.70E-05,0.003587,-8.90E-05,-0.000149,-0.00012,0.000602,0.000528,-0.000184,0.001584,3.40E-05,-0.00019,0.006225,1.47E-04,0.00023,-0.000189,-4.70E-05,0.002911
0.216,0.005964,0.001155,-0.000176,0.002515,0.000313,-0.000118,-0.00022,2.50E-05,-0.000105,0.000432,-0.000188,9.00E-06,-0.0002,1.85E-04,0.003868,-0.000172,-0.000207,-4.50E-05,0.000751,0.000497,-0.000149,0.001788,-7.00E-05,-0.00022,0.006602,0.000281,0.000146,-0.000186,-0.000138,0.003173
0.224,0.006445,0.001387,-2.80E-05,0.002821,0.00039,1.50E-05,-7.80E-05,0.000184,5.20E-05,0.000606,-6.20E-05,0.000124,-5.60E-05,0.000343,0.004249,-4.10E-05,-7.40E-05,1.09E-04,0.000953,0.000568,5.00E-06,0.002068,5.80E-05,-7.80E-05,0.00711,0.000445,0.000242,-4.10E-05,-6.00E-06,0.003516
0.232,0.006872,0.001477,9.30E-05,0.003007,0.00059,0.000182,7.40E-05,0.000229,0.000134,0.000657,7.60E-05,0.000321,9.30E-05,0.000383,0.00454,0.000108,6.70E-05,0.000173,0.001027,0.00076,0.000102,0.002197,0.000243,7.90E-05,0.007576,0.000489,0.000442,9.60E-05,0.000151,0.003751
0.24,0.007085,0.001443,3.60E-05,0.003054,0.000645,0.000215,7.10E-05,1.56E-04,8.20E-05,0.000573,0.000127,0.000346,4.60E-05,0.000299,0.004653,0.000154,9.60E-05,1.13E-04,0.000963,0.000823,5.10E-05,0.002203,0.000269,5.30E-05,0.007808,0.000405,0.000481,3.90E-05,0.000188,0.003827
0.248,0.007265,0.001418,-0.000191,0.003094,0.000447,-2.40E-05,-0.000197,0.00E+00,-0.000136,0.000503,-0.000134,1.26E-04,-0.000192,1.89E-04,0.004744,-9.20E-05,-0.000177,-8.40E-05,0.000917,0.000637,-0.000174,0.002212,3.70E-05,-0.000201,0.008013,0.000314,0.000271,-0.00019,-5.30E-05,0.003892
0.256,0.007695,0.001581,-0.000128,0.003358,0.000438,-9.90E-05,-0.00021,1.01E-04,-4.80E-05,0.000624,-0.000209,8.40E-05,-0.000162,0.000301,0.005088,-0.000177,-0.000221,8.00E-06,0.001058,0.000631,-0.000101,0.002427,-2.20E-05,-0.000191,0.008471,0.00043,0.000246,-0.000143,-0.000136,0.004201
0.264,0.00818,0.001796,5.30E-05,0.003651,0.000617,0.000128,2.80E-05,0.000257,0.000132,0.000768,3.40E-05,0.000296,4.60E-05,0.000431,0.005464,5.80E-05,2.60E-05,0.000178,0.001238,0.000797,7.90E-05,0.002681,0.0002,3.20E-05,0.008982,0.000563,0.000441,4.90E-05,9.50E-05,0.004534
0.272,0.008623,0.001916,8.00E-05,0.003866,0.000759,0.000284,0.000127,0.000258,0.000146,0.000848,0.000185,0.000441,9.30E-05,0.000469,0.005771,0.000217,0.000158,0.000181,0.00134,0.000936,1.03E-04,0.002849,0.000353,0.000107,0.00946,0.000624,0.000583,8.30E-05,0.00025,0.004793
0.28,0.008939,0.001937,4.80E-05,0.004013,0.000754,0.000213,3.90E-05,0.00023,1.05E-04,0.0008,7.80E-05,0.000402,4.40E-05,0.000429,0.005996,0.000124,5.50E-05,1.45E-04,0.001314,0.000941,6.50E-05,0.002934,0.000293,3.90E-05,0.0098,0.000578,0.000562,4.50E-05,0.00017,0.004981
0.288,0.00918,0.001941,-0.000129,0.004103,0.00055,-2.50E-05,-0.000192,1.12E-04,-5.60E-05,0.000746,-0.000165,0.000171,-0.00016,0.000342,0.006154,-0.000115,-0.000191,0.00E+00,0.001295,0.000738,-0.000105,0.002983,5.80E-05,-0.000179,0.010062,0.000508,0.000341,-0.000144,-6.80E-05,0.005107
0.296,0.009575,0.002135,-0.000122,0.004349,0.000556,-2.00E-06,-0.000146,0.000204,-1.70E-05,0.00088,-0.000117,0.00019,-0.000137,0.000443,0.006459,-7.60E-05,-0.00014,6.50E-05,0.001461,0.000735,-9.40E-05,0.003202,7.90E-05,-0.000143,0.010483,0.000622,0.000353,-0.00013,-4.00E-05,0.005381
0.304,0.010112,0.002316,0.000127,0.004647,0.000818,0.000261,0.000112,0.000352,0.000198,0.001015,0.000158,0.000458,0.000109,0.000566,0.006868,0.000195,0.000133,0.000252,0.001616,0.000988,0.000145,0.003438,0.000343,0.000106,0.011048,0.000745,0.000619,0.000118,0.000224,0.005736
0.312,0.010633,0.002467,0.000144,0.004946,0.000918,0.000341,0.000138,0.000351,0.000189,0.001079,0.00019,0.000553,0.000134,0.000596,0.007276,0.000247,0.000156,0.000238,0.001713,0.001075,0.000154,0.003666,0.000435,0.000133,0.011598,0.00079,0.000718,0.00014,0.000291,0.006093
0.32,0.010991,0.002587,2.70E-05,0.005165,0.000803,0.00021,1.10E-05,0.000344,1.16E-04,0.00114,6.20E-05,0.000435,5.00E-06,0.000625,0.007557,0.000119,3.30E-05,0.000191,0.001795,0.000944,5.30E-05,0.003837,0.000304,7.00E-06,0.011974,0.000837,0.000608,1.30E-05,0.000163,0.006344
0.328,0.011246,0.002613,-1.00E-04,0.005265,0.000606,2.50E-05,-0.00015,0.000265,3.30E-05,0.001088,-0.000113,0.00022,-0.000149,0.000551,0.007718,-5.50E-05,-0.000136,1.13E-04,0.001789,0.000754,-5.30E-05,0.003899,1.03E-04,-0.000153,0.012252,0.000771,0.000394,-0.000127,-1.50E-05,0.006475
0.336,0.01169,0.002748,-4.30E-05,0.005504,0.000758,8.90E-05,-7.80E-05,0.000296,7.00E-05,0.001171,-6.80E-05,0.000356,-7.50E-05,0.000594,0.008059,-1.50E-05,-7.20E-05,1.43E-04,0.001902,0.000884,-8.00E-06,0.004088,0.0002,-7.70E-05,0.012717,0.000829,0.000549,-6.20E-05,3.50E-05,0.006762
0.344,0.012244,0.002975,0.000178,0.005852,0.000976,0.000433,0.000161,0.000473,0.000262,0.00134,0.000229,0.000653,0.000157,0.00076,0.008507,0.000322,0.000181,0.000329,0.002088,0.001062,0.000196,0.004382,0.000531,0.00016,0.013295,0.000998,0.000803,0.000168,0.00038,0.007167
0.352,0.012777,0.003202,0.000147,0.006216,0.00091,0.000374,0.000166,0.0005,0.000249,0.001445,0.00025,0.000584,0.000126,0.000826,0.008948,0.000304,0.000209,0.000336,0.002258,0.00099,0.00017,0.004678,0.00046,0.000144,0.013849,0.001081,0.000738,0.000133,0.000336,0.007569
0.36,0.013209,0.003375,5.00E-05,0.00649,0.000823,0.000149,-1.80E-05,0.000476,1.63E-04,0.001529,-2.00E-06,0.000447,1.20E-05,0.00085,0.009297,5.10E-05,-1.50E-05,0.000268,0.002389,0.000889,7.50E-05,0.004902,0.000276,-2.00E-06,0.014299,0.001137,0.000636,3.20E-05,9.50E-05,0.007877
0.368,0.013493,0.003383,-1.40E-05,0.006601,0.000783,0.000127,-0.000156,0.000426,1.55E-04,0.001481,-8.10E-05,0.000438,-0.000108,0.000783,0.009497,1.00E-05,-0.000138,0.000253,0.002363,0.00081,4.60E-05,0.004957,0.00026,-0.000136,0.0146,0.001075,0.00062,-6.20E-05,6.80E-05,0.008039
0.376,0.0139,0.00352,-9.00E-06,0.006851,0.000803,0.000261,1.00E-05,0.000453,1.32E-04,0.001542,0.00011,0.000497,-2.10E-05,0.000831,0.009827,0.000187,4.90E-05,0.000248,0.002455,0.000804,2.20E-05,0.00516,0.000355,-1.00E-06,0.015026,0.001129,0.000657,-2.00E-05,0.000223,0.008338
0.384,0.014477,0.003835,0.000228,0.007273,0.00099,0.00044,0.000245,0.000591,0.000316,0.001786,0.000297,0.000672,0.000232,0.00101,0.010323,0.000364,0.000261,0.000401,0.002739,0.000984,0.000242,0.005531,0.000532,0.000249,0.015615,0.001339,0.000834,0.000226,0.000402,0.008787
0.392,0.015074,0.004081,0.000225,0.007693,0.001003,0.00038,1.03E-04,0.000692,0.000404,0.001879,0.000136,0.000688,0.000138,0.001102,0.010836,0.000238,1.00E-04,0.000502,0.002896,0.000972,0.000288,0.005871,0.000518,1.22E-04,0.016229,0.001423,0.000857,0.000177,0.000312,0.009267
0.4,0.015523,0.004257,1.80E-05,0.007973,0.000812,0.000244,-5.60E-05,0.00066,0.000245,0.002005,1.60E-05,0.000558,-7.00E-05,0.001158,0.011216,0.000106,-2.60E-05,0.00039,0.003052,0.000737,9.60E-05,0.006095,0.000388,-6.60E-05,0.016683,0.001513,0.000709,-3.60E-05,0.000177,0.009595
0.408,0.01575,0.004347,2.70E-05,0.008109,0.000736,0.000223,2.00E-05,0.000567,1.71E-04,0.001991,9.90E-05,0.000487,-1.20E-05,0.00108,0.011383,0.000147,6.40E-05,0.000299,0.003106,0.000638,6.50E-05,0.006209,0.000332,5.00E-06,0.016924,0.001459,0.000639,0.00E+00,0.000182,0.009742
0.416,0.016214,0.004454,0.000176,0.008415,0.000839,0.000308,7.00E-05,0.000631,0.000296,0.001965,0.00013,0.000594,1.13E-04,0.001076,0.011791,0.000208,8.20E-05,0.000408,0.00313,0.000726,0.000207,0.006428,0.000429,8.90E-05,0.017391,0.001433,0.00075,0.000146,0.000259,0.010111
0.424,0.016791,0.004808,0.000266,0.008865,0.001011,0.000512,0.000158,0.000873,0.000453,0.002303,0.000255,0.0008,0.000201,0.00137,0.012323,0.000375,0.000176,0.000605,0.003475,0.000866,0.000313,0.006824,0.00064,0.000181,0.017976,0.001745,0.000943,0.000231,0.000451,0.010605
0.432,0.017313,0.005158,0.00017,0.009313,0.000919,0.000458,0.000158,0.000901,0.000407,0.002549,0.000232,0.000754,0.00013,0.001504,0.012804,0.000321,0.000184,0.000584,0.003777,0.000743,0.000234,0.007226,0.000595,0.000147,0.018499,0.001937,0.000881,0.000138,0.000394,0.011074
0.44,0.017792,0.005316,1.21E-04,0.00967,0.000687,0.000251,2.80E-05,0.000776,0.000347,0.002505,7.80E-05,0.000546,3.10E-05,0.001396,0.013255,0.000139,4.60E-05,0.000493,0.003829,0.00049,0.000197,0.007502,0.000383,2.70E-05,0.018979,0.001853,0.000669,6.60E-05,0.000196,0.011487
0.448,0.018061,0.005341,1.81E-04,0.009799,0.000668,0.000305,4.80E-05,0.000815,0.000388,0.00249,1.19E-04,0.000565,8.10E-05,0.001421,0.013461,0.000196,6.40E-05,0.000531,0.003816,0.000451,0.00025,0.007581,0.000422,6.10E-05,0.019251,0.001855,0.000672,1.25E-04,0.000255,0.011654
0.456,0.01836,0.005575,0.000192,0.010078,0.000802,0.000443,1.13E-04,0.000933,0.000395,0.002675,0.000209,0.000725,1.33E-04,0.001584,0.013752,0.00031,0.000135,0.000581,0.004034,0.000566,0.000241,0.007838,0.000574,1.22E-04,0.01954,0.002032,0.000829,1.58E-04,0.000383,0.011939
0.464,0.018971,0.006052,0.000276,0.010647,0.000899,0.000563,0.000213,0.001067,0.000521,0.00298,0.000317,0.000859,0.000216,0.001747,0.014383,0.00042,0.000242,0.000714,0.004453,0.000639,0.000341,0.008367,0.000703,0.000211,0.020135,0.002255,0.000956,0.000239,0.000498,0.012548
0.472,0.019577,0.006307,0.000305,0.01113,0.00073,0.000479,0.000209,0.001125,0.000589,0.003095,0.000296,0.00074,0.000213,0.001821,0.014966,0.000368,0.000241,0.000775,0.00462,0.000455,0.000396,0.00874,0.000602,0.000203,0.020724,0.002345,0.000812,0.000248,0.000427,0.013092
0.48,0.019858,0.006447,0.00022,0.011369,0.000484,0.000304,6.70E-05,0.001078,0.000504,0.003157,1.16E-04,0.000543,1.13E-04,0.001833,0.015247,0.000187,7.30E-05,0.000698,0.004717,0.000193,0.000311,0.008934,0.000419,8.30E-05,0.021,0.002382,0.000597,1.59E-04,0.000252,0.013355
0.488,0.020014,0.00662,2.22E-04,0.011579,0.000568,0.000409,9.50E-05,0.001132,0.000485,0.003269,0.000173,0.000661,1.36E-04,0.001937,0.015448,0.000269,1.07E-04,0.000704,0.004852,0.000265,0.000298,0.009142,0.000535,1.10E-04,0.021132,0.002491,0.000706,1.72E-04,0.000347,0.013563
0.496,0.020417,0.006892,0.000261,0.011967,0.000694,0.000558,0.000199,0.001223,0.00058,0.003375,0.000329,0.000809,0.000185,0.002005,0.015865,0.000424,0.000241,0.00081,0.005047,0.000392,0.000355,0.009489,0.000683,0.000186,0.02151,0.002564,0.000848,0.000209,0.000499,0.013972
0.504,0.02094,0.007319,0.000407,0.012513,0.000645,0.000596,0.000276,0.001326,0.000703,0.003673,0.000383,0.000819,0.000305,0.00218,0.016455,0.000471,0.000302,0.000916,0.005426,0.000334,0.000498,0.009975,0.000712,0.000279,0.022001,0.002794,0.000832,0.000348,0.000541,0.014548
0.512,0.021298,0.007602,0.000414,0.012906,0.000473,0.000511,0.000284,0.001454,0.000734,0.003903,0.000319,0.000717,0.00032,0.002378,0.016873,0.000386,0.000281,0.000987,0.005673,0.000151,0.000507,0.010322,0.000625,0.000294,0.022325,0.003014,0.0007,0.000359,0.000454,0.014966
0.52,0.021545,0.007768,0.000275,0.013197,0.000296,0.000385,9.90E-05,0.001447,0.000678,0.003949,0.000183,0.00057,1.44E-04,0.002388,0.017185,0.000263,1.17E-04,0.000957,0.005774,-2.00E-05,0.000402,0.010562,0.000486,1.08E-04,0.02254,0.003037,0.000543,1.99E-04,0.000332,0.015274
0.528,0.021711,0.008035,0.000328,0.013506,0.000399,0.0005,1.57E-04,0.001438,0.000688,0.004039,0.000257,0.000706,0.000207,0.002395,0.017467,0.000353,0.000178,0.000956,0.005971,8.50E-05,0.000437,0.01086,0.000617,1.67E-04,0.022657,0.003071,0.000669,0.000261,0.000436,0.015575
0.536,0.021944,0.00832,0.000436,0.013826,0.00048,0.000647,0.000338,0.001541,0.000758,0.004258,0.000448,0.000824,0.00035,0.002556,0.017788,0.000524,0.000375,0.001033,0.00623,0.000179,0.000526,0.011172,0.000749,0.000328,0.022842,0.003262,0.000768,0.000385,0.000593,0.015903
0.544,0.022276,0.008682,0.00051,0.014286,0.000334,0.000643,0.000342,0.00177,0.000905,0.004557,0.000437,0.000771,0.000387,0.002828,0.018238,0.000518,0.000365,0.001219,0.006552,2.50E-05,0.000625,0.011594,0.00073,0.000347,0.023124,0.003549,0.000671,0.000442,0.00059,0.016367
0.552,0.022536,0.009059,0.000541,0.014747,0.000206,0.000536,0.00029,0.001854,0.000997,0.004745,0.00034,0.00066,0.000369,0.002945,0.018655,0.000412,0.00029,0.001308,0.006837,-8.20E-05,0.000689,0.012038,0.000623,0.000308,0.023327,0.003693,0.000551,0.000447,0.000482,0.016814
0.56,0.022689,0.009288,0.000406,0.015065,0.000101,0.000447,0.000215,0.001757,0.000853,0.004849,0.000257,0.000564,0.000268,0.00294,0.018954,0.000327,0.000213,0.001177,0.007015,-0.000161,0.000546,0.012325,0.00053,0.000226,0.02342,0.003741,0.00045,0.000326,0.000395,0.017136
0.568,0.02266,0.009506,0.000422,0.015287,0.000164,0.000625,0.000277,0.001845,0.000886,0.005029,0.000392,0.000709,0.000308,0.003069,0.019118,0.000492,0.000304,0.001235,0.007222,-1.05E-04,0.000561,0.012549,0.000699,0.000277,0.023317,0.003893,0.000554,0.000353,0.00057,0.017337
0.576,0.022689,0.009784,0.000624,0.015576,0.000224,0.000739,0.000423,0.002055,0.001105,0.005216,0.000534,0.000797,0.000477,0.003252,0.019341,0.000622,0.000448,0.001451,0.007459,-2.70E-05,0.000771,0.012845,0.000802,0.000429,0.023272,0.00407,0.000624,0.000541,0.00069,0.0176
0.584,0.022875,0.010211,0.000698,0.016047,4.90E-05,0.00059,0.000433,0.002214,0.001195,0.005505,0.000458,0.000636,0.000535,0.003472,0.019735,0.000504,0.00042,0.001563,0.007816,-0.000173,0.000848,0.013322,0.000645,0.000465,0.023382,0.004323,0.000452,0.000611,0.000552,0.018043
0.592,0.02298,0.01062,0.000629,0.016476,-7.00E-05,0.000575,0.000355,0.002279,0.001175,0.005793,0.000425,0.000582,0.000442,0.003641,0.020079,0.000483,0.000366,0.00157,0.008188,-0.000278,0.000802,0.013754,0.00062,0.000374,0.023396,0.004551,0.000359,0.000527,0.000535,0.01844
0.6,0.022908,0.010814,0.000532,0.016729,-8.40E-05,0.000606,0.000294,0.002267,0.001114,0.005883,0.000389,0.000601,0.00035,0.003681,0.020262,0.000479,0.000316,0.001528,0.008334,-0.000274,0.000717,0.014001,0.000655,0.000298,0.02323,0.004614,0.000353,0.000428,0.000553,0.018671
0.608,0.022647,0.011023,0.00066,0.016867,-7.20E-05,0.000644,0.000416,0.002386,0.001257,0.006047,0.000471,0.000605,0.000485,0.003795,0.020272,0.000542,0.00042,0.001665,0.00853,-0.000233,0.000847,0.01419,0.000675,0.00043,0.022868,0.004747,0.00035,0.00056,0.000603,0.018753
0.616,0.022478,0.011349,0.000855,0.017147,-8.60E-05,0.000748,0.000576,0.0026,0.001438,0.00632,0.000607,0.000643,0.000675,0.004036,0.020405,0.000667,0.000566,0.001856,0.008831,-0.000236,0.00104,0.014508,0.00075,0.000605,0.022596,0.005001,0.000349,0.000757,0.000717,0.018966
0.624,0.022492,0.01178,0.000812,0.017608,-0.000199,0.000667,0.000496,0.002743,0.001463,0.006633,0.000537,0.000547,0.000601,0.004271,0.020741,0.000596,0.000493,0.001929,0.00922,-0.000335,0.00102,0.014979,0.000663,0.000524,0.022493,0.005276,0.000236,0.000698,0.00064,0.019385
0.632,0.022304,0.012179,0.000761,0.017931,-0.000249,0.000612,0.00041,0.002815,0.001465,0.006919,0.000484,0.000491,0.000521,0.00444,0.020897,0.000543,0.000425,0.001956,0.009582,-0.000365,0.000989,0.015364,0.000611,0.000437,0.022188,0.005501,0.00017,0.000632,0.000585,0.019634
0.64,0.021942,0.012342,0.000793,0.018056,-0.000265,0.000632,0.000462,0.002848,0.001498,0.007012,0.000506,0.000489,0.000564,0.004492,0.020874,0.000557,0.000467,0.001989,0.009716,-0.000366,0.001022,0.015526,0.000628,0.000485,0.021709,0.00557,0.000146,0.000669,0.000601,0.019695
0.648,0.021484,0.012527,0.000929,0.018166,-0.000324,0.000687,0.000579,0.003021,0.001648,0.00719,0.00059,0.000463,0.000695,0.004662,0.020798,0.000636,0.000566,0.002154,0.0099,-0.000417,0.00116,0.015692,0.000647,0.000612,0.021121,0.005741,8.40E-05,0.000801,0.00067,0.019723
0.656,0.021061,0.012929,0.001045,0.018415,-0.000292,0.000769,0.000675,0.003239,0.001785,0.00756,0.000691,0.000499,0.000803,0.004956,0.020806,0.000737,0.000661,0.002322,0.010312,-0.000373,0.001281,0.016042,0.000708,0.000715,0.02056,0.006077,1.02E-04,0.000913,0.000763,0.01986
0.664,0.020789,0.013362,0.000991,0.018776,-0.000339,0.000665,0.000574,0.003347,0.001806,0.007854,0.000594,0.000402,0.000715,0.005155,0.020964,0.000635,0.000563,0.002376,0.01069,-0.000393,0.001257,0.016471,0.000606,0.000617,0.020148,0.006322,1.40E-05,0.00084,0.000658,0.020138
0.672,0.0203,0.013629,0.001006,0.018932,-0.000422,0.000614,0.000534,0.003471,0.001874,0.008079,0.000543,0.000325,0.000697,0.005324,0.020899,0.000584,0.000518,0.002468,0.010948,-0.000475,0.001292,0.016705,0.00055,0.000585,0.019515,0.006515,-8.30E-05,0.000839,0.000608,0.020195
0.68,0.019594,0.013779,0.001096,0.018927,-0.000437,0.000685,0.000671,0.003564,0.001939,0.008238,0.000654,0.000336,0.000813,0.00545,0.02065,0.000677,0.00065,0.002538,0.011119,-0.000496,0.001366,0.016799,0.000596,0.000716,0.018665,0.006655,-0.000101,0.000943,0.000689,0.020077
0.688,0.018918,0.014036,0.001198,0.019028,-0.000471,0.000686,0.000737,0.003715,0.00207,0.008459,0.000704,0.00028,0.000899,0.005626,0.020476,0.000711,0.000708,0.002676,0.011374,-0.000514,0.001478,0.017006,0.000568,0.000791,0.01783,0.00685,-0.000167,0.001038,0.000706,0.020051
0.696,0.01826,0.014431,0.001285,0.01919,-0.000411,0.000722,0.000742,0.003962,0.002237,0.008845,0.000718,0.000311,0.00094,0.005938,0.02033,0.000738,0.000712,0.002875,0.011786,-0.000446,0.001593,0.017308,0.000606,0.00081,0.017013,0.007208,-0.000135,0.001102,0.000739,0.020067
0.704,0.017615,0.014761,0.001247,0.019369,-0.000441,0.000665,0.000702,0.004086,0.002245,0.00914,0.000667,0.000244,0.000896,0.006157,0.020216,0.000682,0.000669,0.002928,0.012115,-0.000469,0.001565,0.017595,0.000546,0.00077,0.016208,0.007463,-0.000198,0.00106,0.000682,0.020113
0.712,0.016743,0.014958,0.001322,0.019351,-0.000563,0.000594,0.000744,0.004204,0.002344,0.009318,0.000669,0.000104,0.000953,0.006291,0.019877,0.000656,0.000695,0.003037,0.012324,-0.000587,0.00165,0.017711,0.00044,0.000819,0.015177,0.007613,-0.000344,0.001125,0.000632,0.019946
0.72,0.015758,0.015095,0.001457,0.01921,-0.000542,0.000683,0.000848,0.004351,0.002475,0.00952,0.000769,1.36E-04,0.001077,0.006471,0.019416,0.000757,0.000794,0.00317,0.012511,-0.000575,0.001785,0.017728,0.000505,0.000934,0.014037,0.007805,-0.000332,0.001256,0.000728,0.019651
0.728,0.014875,0.015372,0.00148,0.019258,-0.000523,0.000671,0.000857,0.004529,0.002566,0.009792,0.00077,1.11E-04,0.001089,0.006697,0.019114,0.000751,0.000803,0.003303,0.012799,-0.000548,0.001826,0.017922,0.000488,0.000944,0.012983,0.008061,-0.000346,0.001272,0.000719,0.019537
0.736,0.013923,0.015735,0.001569,0.019308,-0.000499,0.00064,0.000878,0.004766,0.002715,0.010177,0.000762,7.60E-05,0.001141,0.007008,0.018767,0.000732,0.000808,0.003488,0.013206,-0.000516,0.00194,0.018162,0.000452,0.000979,0.011856,0.008409,-0.00036,0.001343,0.000694,0.019399
0.744,0.012859,0.015956,0.001609,0.019208,-0.000516,0.000633,0.000904,0.004903,0.002784,0.010448,0.000777,3.20E-05,0.001171,0.007222,0.018293,0.000744,0.000827,0.003578,0.013478,-0.000537,0.001991,0.018247,0.000426,0.001008,0.010631,0.008652,-0.000399,0.001376,0.000697,0.019118
0.752,0.011679,0.016028,0.001693,0.018979,-0.000613,0.000581,0.00094,0.005052,0.002912,0.010577,0.000796,-9.10E-05,0.001228,0.007358,0.017685,0.000738,0.000855,0.00372,0.013594,-0.000634,0.002092,0.018197,0.000336,0.001052,0.009291,0.008782,-0.000516,0.001447,0.000666,0.018708
0.76,0.010466,0.016162,0.00182,0.018747,-0.00059,0.000624,0.001039,0.00523,0.00305,0.010816,0.000839,-7.00E-05,0.001349,0.007577,0.017053,0.000777,0.000926,0.003866,0.0138,-0.000622,0.002222,0.018169,0.000374,0.001166,0.007915,0.009021,-0.000499,0.001572,0.000708,0.018285
0.768,0.009349,0.01647,0.0018,0.018697,-0.000545,0.00059,0.001034,0.005394,0.003101,0.011156,0.000841,-0.000109,0.001326,0.007829,0.016567,0.000767,0.000928,0.003965,0.014157,-0.000558,0.002222,0.018332,0.000329,0.001152,0.006633,0.009321,-0.0005,0.001546,0.000685,0.018022
0.776,0.008106,0.016706,0.001925,0.018521,-0.000525,0.000564,0.001046,0.005664,0.003316,0.011499,0.000836,-0.000144,0.001382,0.008145,0.015941,0.000754,0.000928,0.004208,0.014476,-0.000533,0.002386,0.018387,0.000295,0.001181,0.005232,0.00965,-0.000508,0.001635,0.000665,0.017625
0.784,0.006688,0.01675,0.002063,0.01814,-0.000535,0.000603,0.001132,0.005849,0.003452,0.011711,0.000892,-0.00015,0.001503,0.00837,0.015124,0.000805,0.000995,0.004361,0.014623,-0.000554,0.00252,0.018237,0.000313,0.001284,0.003663,0.009876,-0.000517,0.001765,0.000713,0.017029
0.792,0.005243,0.016781,0.002093,0.017755,-0.000648,0.000516,0.001205,0.005961,0.003511,0.011839,0.000927,-0.000297,0.001552,0.008492,0.014287,0.000786,0.001063,0.004447,0.014728,-0.000661,0.002551,0.018088,0.000183,0.001349,0.002065,0.010005,-0.000648,0.0018,0.000654,0.016425
0.8,0.003846,0.016892,0.002211,0.017402,-0.000601,0.000507,0.001217,0.006157,0.003666,0.012114,0.000905,-0.000294,0.001619,0.008731,0.013475,0.000768,0.001049,0.004614,0.014951,-0.000611,0.002686,0.017983,1.79E-04,0.001386,0.000535,0.010269,-0.000618,0.001896,0.000642,0.015837
0.808,0.002522,0.017102,0.002215,0.01714,-0.000478,0.000526,0.001177,0.006385,0.003775,0.012458,0.000899,-0.000238,0.001581,0.009033,0.012738,0.000775,0.001024,0.004775,0.015261,-0.00048,0.002728,0.017978,0.000211,0.001342,-0.000931,0.010597,-0.000518,0.001875,0.000656,0.015345
0.816,0.001021,0.017196,0.002364,0.016734,-0.000549,0.000495,0.0013,0.006657,0.003971,0.012745,0.000973,-0.000339,0.001718,0.009347,0.01184,0.000806,0.001127,0.005004,0.015472,-0.000541,0.002888,0.017843,0.000133,0.001472,-0.002565,0.010905,-0.000602,0.00202,0.000655,0.014693
0.824,-0.00064,0.017122,0.002575,0.016115,-0.000561,0.000496,0.001447,0.006834,0.004167,0.012896,0.001028,-0.000367,0.001914,0.009525,0.010735,0.000832,0.001227,0.005189,0.01554,-0.000555,0.0031,0.017513,0.000114,0.001646,-0.004349,0.01108,-0.000615,0.00223,0.000667,0.013822
0.832,-0.002224,0.017069,0.002544,0.015553,-0.000559,0.000459,0.001388,0.006955,0.004223,0.013029,0.000987,-0.000396,0.001851,0.009658,0.009699,0.000796,0.001177,0.005281,0.015607,-0.000552,0.0031,0.017225,7.50E-05,0.001583,-0.006044,0.011218,-0.000616,0.00218,0.000631,0.013023
0.84,-0.003744,0.017105,0.002592,0.015036,-0.000566,0.000416,0.00139,0.007189,0.004352,0.013318,0.000982,-0.000448,0.001866,0.009951,0.008702,0.000777,0.001177,0.005453,0.015794,-0.000543,0.003178,0.016993,1.60E-05,0.001587,-0.00767,0.011521,-0.000636,0.00221,0.000599,0.012262
0.848,-0.00531,0.017196,0.002726,0.014539,-0.000483,0.0004,0.001473,0.007422,0.004511,0.013615,0.001005,-0.000428,0.001986,0.010241,0.007686,0.000773,0.001231,0.005636,0.016027,-0.000446,0.003321,0.016806,6.00E-06,0.001686,-0.00934,0.011819,-0.000569,0.002339,0.000586,0.011498
0.856,-0.006945,0.017108,0.002929,0.013868,-0.000482,0.000421,0.001572,0.007698,0.004765,0.01381,0.001077,-0.000432,0.002141,0.010502,0.006539,0.000826,0.001312,0.005908,0.016106,-0.000448,0.003548,0.01644,6.00E-06,0.001807,-0.011066,0.012061,-0.000558,0.002519,0.000622,0.01058
0.864,-0.008698,0.016878,0.003074,0.01303,-0.00049,0.000432,0.00169,0.00793,0.004966,0.013932,0.001162,-0.000449,0.002267,0.010709,0.005229,0.000878,0.001418,0.006134,0.016076,-0.000458,0.003708,0.015904,-9.00E-06,0.00193,-0.012889,0.012241,-0.000556,0.002649,0.00065,0.009492
0.872,-0.010371,0.016805,0.003019,0.01234,-0.000508,0.000342,0.001632,0.007987,0.004941,0.014098,0.001084,-0.000519,0.002212,0.010837,0.00403,0.000794,0.001349,0.006139,0.016163,-0.000458,0.003661,0.015536,-0.000103,0.001873,-0.014636,0.012399,-0.000587,0.002595,0.000563,0.008536
0.88,-0.011961,0.016715,0.003124,0.011643,-0.000502,0.000272,0.001622,0.008232,0.005132,0.014312,0.001025,-0.000562,0.002257,0.011101,0.00286,0.00073,0.001309,0.006355,0.016249,-0.000434,0.003801,0.015149,-0.000171,0.001887,-0.016292,0.012647,-0.000594,0.002669,0.000496,0.007592
0.888,-0.013624,0.01653,0.003333,0.010807,-0.000395,0.000328,0.001754,0.008569,0.005419,0.014514,0.001114,-0.000479,0.002421,0.011421,0.001568,0.000796,0.001422,0.006667,0.016275,-0.000322,0.004044,0.014632,-0.000111,0.002037,-0.018,0.012922,-0.000482,0.002852,0.000554,0.00651
0.896,-0.015361,0.016349,0.003506,0.009923,-0.000381,0.00037,0.001904,0.008778,0.005602,0.01469,0.00124,-0.000457,0.00258,0.011641,0.000203,0.000884,0.001566,0.00686,0.016312,-0.000313,0.004224,0.014094,-9.10E-05,0.002191,-0.019771,0.013138,-0.000451,0.003023,0.000615,0.005366
0.904,-0.017048,0.016055,0.003645,0.00901,-0.000425,0.000319,0.001988,0.008962,0.005764,0.014748,0.001258,-0.00051,0.002699,0.011791,-0.001156,0.000868,0.001617,0.007041,0.016219,-0.000357,0.004374,0.013487,-0.000157,0.002292,-0.02149,0.013255,-0.000487,0.003157,0.000579,0.004214
0.912,-0.018657,0.015776,0.003609,0.008088,-0.000405,2.06E-04,0.001854,0.009104,0.005815,0.014851,0.001113,-0.000555,0.002615,0.011958,-0.00249,0.000738,0.001471,0.007135,0.016164,-0.000316,0.004371,0.012871,-0.000247,0.00218,-0.02312,0.013407,-0.000486,0.003097,0.000458,3.06E-03
0.92,-0.020321,0.015533,0.003712,0.007148,-0.000362,1.69E-04,0.001891,0.009367,0.006013,0.015031,0.001107,-0.000554,0.00268,0.012225,-0.003874,0.000714,0.001485,0.007369,0.016156,-0.000258,0.004509,0.012269,-0.000277,0.002229,-0.024787,0.013645,-0.000453,0.003182,0.000424,0.001872
0.928,-0.022032,0.01519,0.004015,0.006115,-0.000295,0.000276,0.002153,0.00965,0.006333,0.015135,0.001294,-0.000462,0.002961,0.012459,-0.005337,0.000857,0.00171,0.007675,0.016055,-0.0002,0.00482,0.011566,-0.00019,0.002499,-0.026501,0.013828,-0.000365,0.003473,0.000545,0.000604
0.936,-0.023633,0.014818,0.004175,0.005077,-0.000262,0.000306,0.002263,0.009845,0.006505,0.015213,0.001364,-0.000417,0.003099,0.012647,-0.006759,0.000906,0.001801,0.007854,0.015931,-0.000174,0.004988,0.010839,-0.000163,0.00262,-0.02809,0.013984,-0.000316,0.003621,0.000581,-0.000652
0.944,-0.0252,0.014387,0.004249,0.003995,-0.00028,1.87E-04,0.002244,0.010062,0.006661,0.015242,0.001292,-0.000484,0.003126,0.012819,-0.008194,0.000806,0.001758,0.008051,0.015744,-0.000178,0.005096,0.010059,-0.00027,0.00262,-0.029619,0.014106,-0.00035,0.003672,0.000468,-0.001936
0.952,-0.026787,0.013997,0.004265,0.002908,-0.000271,9.40E-05,0.002154,0.010196,0.006749,0.015284,0.001187,-0.000516,0.003088,0.012945,-0.009645,0.000707,0.001654,0.008167,0.015609,-0.000156,0.005143,0.009298,-0.000343,0.002552,-0.031186,0.014206,-0.000354,0.003664,0.000371,-0.003237
0.96,-0.028371,0.013568,0.004418,0.001785,-0.000223,1.30E-04,0.002285,0.010427,0.006941,0.015355,0.00126,-0.000456,0.003235,0.013152,-0.011125,0.000757,0.001757,0.008383,0.015456,-0.000114,0.005308,0.008489,-0.000304,0.002691,-0.032722,0.014364,-0.000295,0.003811,0.00041,-0.004564
0.968,-0.0299,0.012963,0.004758,0.000563,-0.000145,0.000231,0.00257,0.010735,0.007306,0.015325,0.001462,-0.000358,0.003554,0.013355,-0.012625,0.000904,0.002012,0.00873,0.01514,-4.20E-05,0.005662,0.007536,-0.000216,0.002994,-0.034196,0.014475,-0.000204,0.004147,0.000527,-0.005959
0.976,-0.031396,0.012495,0.004887,-0.000579,-8.90E-05,2.22E-04,0.00259,0.010908,0.007482,0.015342,0.001449,-0.000312,0.003625,0.013499,-0.014085,0.000886,0.002013,0.008909,0.014934,1.30E-05,0.005817,0.006694,-0.000205,0.003035,-0.035627,0.014575,-0.000152,0.004251,0.000511,-0.007292
0.984,-0.032855,0.011988,0.004899,-0.001762,-0.000113,1.00E-04,0.002534,0.011076,0.007575,0.015349,0.001355,-0.000376,0.003599,0.013647,-0.015552,0.000774,0.001937,0.009043,0.014709,0.00E+00,0.005859,0.005807,-0.000309,0.002991,-0.037018,0.014675,-0.000194,0.004245,0.000391,-0.008651
0.992,-0.034265,0.011303,0.00499,-0.003052,-0.00013,5.20E-05,0.002564,0.01125,0.007718,0.01522,0.001328,-0.000384,0.003666,0.013736,-0.017054,0.000732,0.001936,0.009213,0.014309,-2.40E-05,0.005969,0.004774,-0.000342,0.003042,-0.038335,0.014679,-0.000206,0.004323,0.000344,-0.010081
1,-0.035641,0.010685,0.005237,-0.004285,-4.40E-05,1.22E-04,0.002715,0.01144,0.007971,0.01514,0.001426,-0.000288,0.003869,0.013836,-0.018508,0.000811,0.002063,0.009447,0.013972,5.40E-05,0.006229,0.003803,-0.000265,0.003221,-0.039625,0.01471,-0.000117,0.004551,0.000415,-0.011457
1.01,-0.037031,0.010021,0.005545,-0.005575,7.30E-05,2.07E-04,0.00297,0.011704,0.008296,0.015089,0.001599,-0.00018,0.004159,0.01401,-0.020007,0.000933,0.002289,0.00975,0.013622,0.000168,0.006548,0.002769,-0.000178,0.003491,-0.040922,0.014796,-6.00E-06,0.004846,0.00051,-0.012887
1.02,-0.038309,0.009362,0.005594,-0.006837,1.02E-04,1.98E-04,0.002946,0.011912,0.008438,0.015029,0.001567,-0.000136,0.004166,0.014167,-0.021438,0.000906,0.002257,0.009932,0.01327,0.000185,0.006631,0.00175,-0.000161,0.003479,-0.042106,0.014871,2.90E-05,0.004873,0.000491,-0.014272
1.02,-0.039503,0.008663,0.00565,-0.00809,6.20E-05,8.60E-05,0.002887,0.012028,0.008551,0.014854,0.00145,-0.000186,0.004168,0.014195,-0.022826,0.000781,0.002165,0.01006,0.01284,1.46E-04,0.006713,0.000725,-0.000243,0.003449,-0.043194,0.014819,-2.10E-05,0.004905,3.71E-04,-0.015623
1.03,-0.040747,0.007797,0.005862,-0.009478,6.20E-05,3.80E-05,0.003038,0.012129,0.008732,0.014578,0.001485,-0.000198,0.00437,0.014165,-0.024314,0.000763,0.002263,0.010216,0.012271,1.48E-04,0.00692,-0.000461,-0.000278,0.003626,-0.044318,0.014689,-3.30E-05,0.005121,3.31E-04,-0.017102
1.04,-0.041957,0.007026,0.00605,-0.010829,1.67E-04,1.83E-04,0.00318,0.01235,0.008972,0.014452,0.001637,-5.00E-05,0.004519,0.014289,-0.025766,0.000912,0.002412,0.010459,0.011816,0.000236,0.007134,-0.001591,-0.000131,0.003765,-0.045408,0.014716,8.80E-05,0.005288,0.000475,-0.018538
1.05,-0.043012,0.006264,0.006303,-0.012087,0.000318,2.86E-04,0.003349,0.012611,0.009273,0.014308,0.001739,1.14E-04,0.004729,0.014425,-0.027087,0.001002,0.002548,0.010752,0.011354,0.000374,0.007409,-0.002665,6.00E-06,0.003956,-0.046344,0.014739,0.000242,0.005519,0.000566,-0.019859
1.06,-0.044014,0.005446,0.006443,-0.013364,0.000309,1.88E-04,0.00338,0.012719,0.009428,0.014063,0.00166,8.20E-05,0.004832,0.01442,-0.028393,0.000895,0.002521,0.010898,0.010814,0.000368,0.007558,-0.003778,-5.90E-05,0.004027,-0.047231,0.01464,2.17E-04,0.005645,0.000461,-0.021191
1.06,-0.045043,0.004564,0.006482,-0.01472,2.21E-04,0.000124,0.003353,0.012792,0.009524,0.013775,0.001627,1.50E-05,0.004831,0.014383,-0.029765,0.000847,0.002491,0.011001,0.01023,0.000276,0.007622,-0.00497,-0.000123,0.004009,-0.048155,0.014505,1.29E-04,0.005664,4.03E-04,-0.022589
1.07,-0.046036,0.003525,0.006687,-0.016173,0.000288,1.89E-04,0.003505,0.012905,0.009722,0.013379,0.001713,1.12E-04,0.005025,0.014314,-0.031172,0.000912,0.002612,0.011182,0.009487,0.000325,0.007828,-0.006291,-3.50E-05,0.004184,-0.049042,0.014298,2.08E-04,0.005863,0.000463,-0.024052
1.08,-0.046879,0.002651,0.006924,-0.017459,0.000447,2.87E-04,0.003649,0.013073,0.009965,0.013119,0.001798,0.000272,0.005227,0.014337,-0.032422,0.00099,0.002724,0.011402,0.008903,0.000478,0.008079,-0.007445,1.03E-04,0.004356,-0.04979,0.014206,0.000364,0.006089,0.000546,-0.025358
1.09,-0.047586,0.001833,0.007137,-0.018638,0.000532,3.66E-04,0.003797,0.013272,0.010216,0.01288,0.0019,0.00037,0.005403,0.01439,-0.03354,0.00107,0.002853,0.011642,0.008362,0.000558,0.008311,-0.008513,2.00E-04,0.004518,-0.050401,0.014139,0.000449,0.006283,0.00062,-0.026539
1.1,-0.048376,0.00081,0.007284,-0.019985,0.000476,3.28E-04,0.003843,0.013351,0.010383,0.012473,0.001875,0.000341,0.005506,0.014299,-0.03477,0.001029,0.002862,0.011784,0.007615,0.000492,0.008473,-0.009775,1.76E-04,0.004592,-0.05107,0.013911,0.000401,0.00641,0.000579,-0.027859
1.1,-0.049238,-0.000241,0.007355,-0.021374,0.000436,2.83E-04,0.003833,0.013374,0.010475,0.012032,0.001816,3.21E-04,0.005543,0.014163,-0.03605,0.000964,0.002825,0.011861,0.006841,0.000444,0.008557,-0.011078,0.000154,0.004605,-0.051782,0.013652,0.000367,0.006466,0.000523,-0.029229
1.11,-0.049945,-0.001318,0.007561,-0.022689,0.000537,3.65E-04,0.00401,0.013408,0.010645,0.011526,0.001924,0.000427,0.005744,0.013986,-0.037193,0.001048,0.002971,0.011993,0.006018,0.00054,0.008754,-0.012352,2.57E-04,0.004794,-0.052319,0.013335,0.000467,0.006671,0.000601,-0.030487
1.12,-0.050542,-0.002274,0.00779,-0.023891,0.000673,0.000492,0.004155,0.013539,0.010886,0.011139,0.002039,0.000576,0.005933,0.013921,-0.038219,0.00116,0.003096,0.012208,0.005317,0.000671,0.009001,-0.013507,0.000408,0.004959,-0.052711,0.013131,0.000608,0.006882,0.000717,-0.031632
1.13,-0.051125,-0.003205,0.007982,-0.025074,0.000737,0.000586,0.004271,0.013703,0.011108,0.01081,0.002121,0.00068,0.00609,0.013924,-0.039221,0.001236,0.003195,0.012419,0.004651,0.000718,0.009209,-0.014643,0.000523,0.005094,-0.053066,0.012996,0.000691,0.007059,0.000799,-0.032756
1.14,-0.051688,-0.004369,0.008173,-0.026378,0.000665,0.000539,0.004374,0.013687,0.011262,0.010209,0.002114,0.000628,0.006254,0.013678,-0.040278,0.001193,0.003244,0.012516,0.003718,0.000639,0.009395,-0.015961,0.000486,0.005231,-0.053374,0.012593,0.000626,0.007241,0.000751,-0.033969
1.14,-0.052194,-0.005519,0.008255,-0.027659,0.000633,5.05E-04,0.004377,0.013623,0.011349,0.009583,0.002067,0.000605,0.006299,0.013391,-0.041312,0.001141,0.00322,0.012558,2.79E-03,0.000606,0.009491,-0.017258,0.00047,0.005253,-0.053593,0.012157,0.000597,0.007306,0.000706,-0.03516
1.15,-0.052535,-0.006582,0.00839,-0.028835,0.000778,0.000677,0.004515,0.013615,0.011451,0.009054,0.002205,0.000779,0.006439,0.013191,-0.04222,0.001289,0.003357,0.012628,0.001949,0.00074,0.009614,-0.018456,0.00066,0.005395,-0.053664,0.011812,0.000758,0.007444,0.000865,-0.036227
1.16,-0.052803,-0.007616,0.008656,-0.029944,0.000909,0.000805,0.004697,0.013697,0.011689,0.008537,0.002326,0.000918,0.006676,0.013034,-0.043056,0.001401,0.003504,0.012816,0.001123,0.000866,0.009879,-0.019602,0.000806,0.005605,-0.05368,0.0115,0.000893,0.007699,0.000987,-0.03722
1.17,-0.053037,-0.008668,0.008894,-0.031062,0.000912,0.000847,0.004817,0.013787,0.01193,0.008016,0.002374,0.000952,0.006861,0.012881,-0.043887,0.001433,0.003585,0.013016,0.000284,0.000858,0.010138,-0.020766,0.000858,0.005756,-0.053689,0.011186,0.000914,0.007916,0.001023,-0.038213
1.18,-0.053222,-0.009888,0.009029,-0.032257,0.000831,0.00086,0.004933,0.013661,0.012001,0.007283,0.002427,0.000919,0.007,0.012507,-0.044735,0.001458,0.003673,0.01302,-0.00075,0.000765,0.010257,-0.022056,0.000862,0.005883,-0.053686,0.010646,0.000856,0.008055,0.001039,-0.039248
1.18,-0.053338,-0.011052,0.009077,-0.033368,0.000846,0.000868,0.004934,0.013501,0.012015,0.00655,0.002392,0.000938,0.007032,0.012108,-0.045516,0.001432,0.003651,0.012977,-0.001752,0.00078,0.010302,-0.023264,0.00089,0.005901,-0.053664,0.010099,0.000876,0.008098,0.00103,-0.040204
1.19,-0.053323,-0.012108,0.009222,-0.034376,0.001038,0.001054,0.005045,0.013468,0.012125,0.005947,0.002493,0.001142,0.007168,0.011846,-0.046182,0.001561,0.003746,0.013043,-0.002637,0.000964,0.010439,-0.02437,0.001102,0.006025,-0.053531,0.009686,0.001079,0.008241,0.001191,-0.041047
1.2,-0.053229,-0.01322,0.009527,-0.035377,0.001113,0.001202,0.005301,0.013484,0.012372,0.005279,0.002682,0.001242,0.007459,0.011569,-0.046779,0.001722,0.00397,0.013215,-0.003597,0.001033,0.010733,-0.0255,0.001236,0.0063,-0.053315,0.009227,0.001168,0.008543,0.001344,-0.041863
1.21,-0.053109,-0.014327,0.009764,-0.036373,0.00104,0.001234,0.005445,0.013444,0.012556,0.004595,0.002736,0.001222,0.007664,0.011254,-0.047358,0.001755,0.004069,0.013323,-0.004558,0.000944,0.01097,-0.026624,0.001256,0.006476,-0.053045,0.008741,0.001123,0.00877,0.001375,-0.042672
1.22,-0.052894,-0.01548,0.009806,-0.037347,0.001032,0.001291,0.005504,0.013208,0.012511,0.003796,0.00277,0.001252,0.007726,0.010776,-0.047864,0.001791,0.004116,0.013211,-0.005596,0.000924,0.010986,-0.027758,0.001312,0.006539,-0.05265,0.008121,0.001138,0.008824,0.001422,-0.04344
1.22,-0.052579,-0.016654,0.009831,-0.038274,0.001107,0.001332,0.0055,0.012984,0.0125,0.002944,0.002754,0.001306,0.00774,0.010278,-0.0483,0.001792,0.004101,0.013134,-0.00668,0.001007,0.01101,-0.028875,0.001369,0.006543,-0.052133,0.007454,0.001206,0.008845,0.001445,-0.044154
1.23,-0.052216,-0.017736,0.010043,-0.03914,0.001243,0.001511,0.005644,0.01289,0.012634,0.002226,0.002878,0.001467,0.007931,0.009906,-0.048691,0.001939,0.004226,0.013191,-0.007652,0.001135,0.011208,-0.02992,0.001551,0.006709,-0.051525,0.006919,0.001358,0.009055,0.00161,-0.044795
1.24,-0.051804,-0.018799,0.010348,-0.039942,0.001262,0.001695,0.005973,0.012784,0.012798,0.001478,0.003143,0.001554,0.008271,0.009509,-0.049053,0.002164,0.004527,0.013257,-0.008627,0.001135,0.01147,-0.030921,0.001693,0.007048,-0.050869,0.006357,0.001412,0.009381,0.001808,-0.045377
1.25,-0.051328,-0.019911,0.010519,-0.040738,0.001204,0.001715,0.006078,0.012636,0.012905,0.000659,0.003173,0.001525,0.008423,0.009053,-0.049384,0.002182,0.004589,0.013278,-0.009668,0.00107,0.011633,-0.031938,0.001694,0.007177,-0.050138,0.005725,0.001369,0.009546,0.001828,-0.045929
1.26,-0.050767,-0.02103,0.01049,-0.041511,0.001277,0.001789,0.006036,0.012325,0.012809,-0.00023,0.00315,0.00161,0.008392,0.008479,-0.049682,0.002201,0.004547,0.013108,-0.010742,0.001135,0.011592,-0.032939,0.001783,0.00714,-0.049332,0.005002,0.001453,0.009519,0.00188,-0.04644
1.26,-0.050146,-0.02214,0.010532,-0.042247,0.001322,0.001885,0.006123,0.011971,0.01272,-0.001149,0.003234,0.001663,0.008469,0.007855,-0.049924,0.002291,0.00463,0.012918,-0.011827,0.001185,0.011594,-0.033905,0.00186,0.007224,-0.048472,0.00424,0.001502,0.009581,0.001977,-0.046906
1.27,-0.049435,-0.023192,0.010783,-0.04294,0.001393,0.002048,0.006351,0.011805,0.012852,-0.001974,0.003403,0.001766,0.008726,0.007378,-0.050099,0.002451,0.004823,0.012944,-0.012846,0.001248,0.011817,-0.034822,0.001997,0.007469,-0.047534,0.003587,0.001589,0.009841,0.002141,-0.047344
1.28,-0.04862,-0.024203,0.01104,-0.043567,0.001466,0.002278,0.006612,0.011643,0.012985,-0.002793,0.003635,0.001919,0.009,0.00689,-0.050156,0.002681,0.005073,0.01297,-0.01384,0.001291,0.012042,-0.035675,0.002195,0.007737,-0.046484,0.002934,0.001703,0.010113,0.002374,-0.047704
1.29,-0.047723,-0.025221,0.01112,-0.044173,0.001398,0.002297,0.006676,0.01134,0.012954,-0.003674,0.003666,0.001873,0.00909,0.006308,-0.050125,0.002708,0.005117,0.012839,-0.014865,0.001222,0.012095,-0.036511,0.00218,0.007813,-0.045341,0.002204,0.001645,0.010203,0.0024,-0.048023
1.3,-0.046773,-0.026265,0.011064,-0.04476,0.001462,0.002336,0.006647,0.010892,0.012773,-0.004642,0.003643,0.001918,0.009059,0.005601,-0.050055,0.002712,0.005085,0.012565,-0.015944,0.001296,0.012004,-0.037354,0.00222,0.007786,-0.044148,0.001366,0.0017,0.010164,0.002425,-0.048313
1.3,-0.045712,-0.027329,0.011124,-0.045308,0.001568,0.002529,0.006774,0.010474,0.01267,-0.005649,0.003794,0.00207,0.009167,0.004873,-0.04991,0.002889,0.005222,0.012343,-0.017061,0.001387,0.012014,-0.038187,0.002393,0.007906,-0.042837,0.000495,0.001827,0.010251,0.002616,-0.048527
1.31,-0.044563,-0.028287,0.011377,-0.045738,0.001575,0.0027,0.007036,0.010249,0.012777,-0.006516,0.004011,0.002147,0.009441,0.004327,-0.04969,0.003093,0.005459,0.012328,-0.018055,0.001375,0.012233,-0.038918,0.002513,0.00818,-0.04144,-0.000221,0.001865,0.010519,0.002802,-0.048638
1.32,-0.043327,-0.02914,0.011566,-0.046042,0.001628,0.002859,0.007262,0.009959,0.012796,-0.007334,0.004203,0.002238,0.009668,0.003762,-0.049387,0.003275,0.005666,0.012229,-0.018959,0.001419,0.012372,-0.039548,0.002632,0.00841,-0.039952,-0.000912,0.001935,0.010731,0.002977,-0.048637
1.33,-0.041964,-0.030074,0.011562,-0.046303,0.001636,0.002905,0.007281,0.009499,0.012645,-0.008312,0.004222,0.002251,0.009691,0.003021,-0.049012,0.003313,0.005678,0.011956,-0.019991,0.00143,0.012327,-0.040209,0.002654,0.008433,-0.03832,-0.00178,0.001943,0.010746,0.003025,-0.048584
1.34,-0.040585,-0.031086,0.011479,-0.0466,0.001696,0.003,0.007257,0.008964,0.012419,-0.009377,0.004242,0.00233,0.009646,0.002201,-0.048649,0.003374,0.005669,0.011616,-0.02111,0.001485,0.012203,-0.040924,0.002736,0.0084,-0.036647,-0.002733,0.002014,0.010684,0.00311,-0.048576
1.34,-0.039148,-0.031995,0.011546,-0.046826,0.001779,0.003219,0.007468,0.008459,0.012254,-0.010361,0.004476,0.002473,0.009802,0.001426,-0.048215,0.00361,0.005893,0.011313,-0.022127,0.00155,0.012192,-0.041555,0.002909,0.008589,-0.034906,-0.003624,0.002126,0.010799,0.003343,-0.048514
1.35,-0.037533,-0.032753,0.011788,-0.046878,0.001757,0.003337,0.007728,0.008146,0.012305,-0.011209,0.004678,0.002494,0.010087,0.000808,-0.047579,0.003781,0.006132,0.011221,-0.023006,0.00152,0.012382,-0.042016,0.002967,0.008862,-0.032998,-0.004367,0.002119,0.011072,0.003488,-0.048281
1.36,-0.035811,-0.033515,0.011888,-0.046901,0.001848,0.003493,0.007835,0.007777,0.012256,-0.012074,0.004799,0.002613,0.010207,0.000167,-0.046877,0.003933,0.006239,0.01105,-0.023894,0.001604,0.012443,-0.042451,0.003101,0.008978,-0.030961,-0.005138,0.002224,0.011188,0.003647,-0.047995
1.37,-0.034082,-0.034356,0.011768,-0.046966,0.001915,0.003609,0.007865,0.007149,0.011925,-0.013098,0.004881,0.002698,0.010178,-0.000701,-0.046184,0.004047,0.006293,0.010601,-0.024892,0.001665,0.012253,-0.042937,0.003195,0.008985,-0.028909,-0.006098,0.002296,0.011115,0.003768,-0.047726
1.38,-0.032258,-0.035212,0.011697,-0.047001,0.001906,0.003677,0.007938,0.006474,0.011617,-0.014191,0.004972,0.002712,0.010197,-0.001638,-0.045417,0.00414,0.006377,0.010142,-0.025937,0.001654,0.012102,-0.043395,0.003226,0.009038,-0.026769,-0.007133,0.002293,0.011091,0.003851,-0.047399
1.38,-0.030262,-0.035954,0.011784,-0.046937,0.002001,0.003883,0.008114,0.005967,0.011481,-0.015135,0.005185,0.002856,0.010345,-0.002412,-0.044521,0.004367,0.006566,0.00985,-0.026852,0.00173,0.012123,-0.043755,0.003396,0.009202,-0.024457,-0.008005,0.002409,0.011215,0.004077,-0.046941
1.39,-0.028153,-0.03653,0.011933,-0.046733,0.002018,0.004019,0.008328,0.0056,0.011435,-0.015918,0.005379,0.002917,0.010548,-0.003035,-0.043501,0.004546,0.006768,0.009677,-0.027603,0.001736,0.012211,-0.043968,0.003482,0.009416,-0.022041,-0.008724,0.002442,0.011397,0.004238,-0.046337
1.4,-0.025971,-0.037127,0.01193,-0.046516,0.002083,0.004148,0.008449,0.005048,0.011208,-0.016804,0.005522,0.003002,0.010628,-0.003812,-0.042451,0.004696,0.0069,0.009318,-0.028406,0.001796,0.012133,-0.04418,0.003576,0.009523,-0.019559,-0.009579,0.002511,0.01144,0.004382,-0.045689
1.41,-0.023684,-0.037883,0.011761,-0.046366,0.0022,0.004309,0.008477,0.004261,0.010773,-0.017916,0.005645,0.003139,0.010573,-0.00483,-0.041393,0.004856,0.006977,0.008733,-0.029405,0.001907,0.011869,-0.044516,0.003716,0.009516,-0.016973,-0.010667,0.002632,0.011331,0.00455,-0.045064
1.42,-0.021319,-0.038569,0.01168,-0.046142,0.002177,0.004374,0.008538,0.003569,0.010448,-0.018939,0.005745,0.003143,0.01058,-0.005754,-0.040264,0.004962,0.007063,0.008256,-0.030323,0.00188,0.011709,-0.044794,0.00374,0.009555,-0.014315,-0.011664,0.002617,0.011296,0.004637,-0.044352
1.42,-0.018802,-0.039013,0.011724,-0.045689,0.002234,0.004538,0.008715,0.003054,0.010255,-0.019723,0.005942,0.003249,0.010712,-0.006465,-0.038964,0.005164,0.007254,0.00792,-0.030993,0.001922,0.011675,-0.044841,0.003867,0.009717,-0.011531,-0.012435,0.002693,0.01139,0.00482,-0.043442
1.43,-0.016127,-0.039423,0.01178,-0.045138,0.002298,0.004692,0.008906,0.002551,0.010078,-0.020508,0.00616,0.003345,0.010855,-0.007182,-0.03753,0.00537,0.007462,0.007608,-0.031645,0.001982,0.011654,-0.044823,0.003986,0.009891,-0.008598,-0.013211,0.002767,0.011494,0.005005,-0.042423
1.44,-0.013366,-0.039968,0.011703,-0.044606,0.002366,0.004824,0.009006,0.001829,0.009722,-0.021491,0.006321,0.003432,0.010885,-0.008113,-0.036087,0.005538,0.007592,0.007096,-0.032464,0.00205,0.011484,-0.04488,0.00409,0.009962,-0.005594,-0.014196,0.002838,0.011473,0.005162,-0.041425
1.45,-0.010576,-0.040512,0.011466,-0.044074,0.002509,0.005,0.009023,0.000963,0.00919,-0.022515,0.006459,0.003592,0.01079,-0.009145,-0.034613,0.005715,0.007669,0.006412,-0.033293,0.002186,0.011137,-0.044921,0.004256,0.00993,-0.002573,-0.015252,0.002993,0.011308,0.005345,-0.040424
1.46,-0.007628,-0.040892,0.01134,-0.04337,0.002466,0.00504,0.009082,0.000288,0.008811,-0.023368,0.006561,0.003573,0.010776,-0.009982,-0.032969,0.005807,0.007756,0.005899,-0.03396,0.00214,0.010919,-0.044793,0.004259,0.009961,0.000583,-0.016127,0.002956,0.01124,0.005413,-0.03927
1.46,-0.004497,-0.041125,0.011368,-0.042508,0.002465,0.005165,0.009253,-0.000262,0.008596,-0.024093,0.00675,0.003623,0.010895,-0.010698,-0.031132,0.005988,0.007941,0.00554,-0.034491,0.002128,0.010863,-0.044511,0.004343,0.010114,0.003906,-0.016871,0.002975,0.011317,0.005565,-0.037945
1.47,-0.001297,-0.041379,0.011329,-0.04164,0.002625,0.005372,0.009421,-0.000934,0.008262,-0.0249,0.006986,0.003798,0.010983,-0.011531,-0.029244,0.006232,0.00815,0.00505,-0.035082,0.002286,0.010722,-0.044246,0.004531,0.01025,0.007301,-0.017723,0.003144,0.011345,0.005788,-0.036597
1.48,0.001961,-0.041718,0.011115,-0.040816,0.00273,0.005513,0.009501,-0.001772,0.007737,-0.02583,0.007167,0.003912,0.010933,-0.012504,-0.027329,0.006413,0.008291,0.004382,-0.035775,0.002391,0.010397,-0.044041,0.004652,0.010277,0.010748,-0.018706,0.003253,0.011215,0.005951,-0.035259
1.49,0.005328,-0.041962,0.010818,-0.039878,0.002801,0.005667,0.009483,-0.002637,0.007163,-0.026717,0.007303,0.004029,0.010786,-0.013476,-0.025276,0.006587,0.008351,0.003668,-0.036399,0.00245,0.009995,-0.043707,0.004789,0.010201,0.01429,-0.019669,0.003344,0.010993,0.006123,-0.033773
1.5,0.008771,-0.042032,0.0107,-0.038784,0.002753,0.00566,0.009528,-0.003311,0.006783,-0.027425,0.00737,0.003986,0.010772,-0.014266,-0.023073,0.006633,0.008414,0.003157,-0.03684,0.002404,0.009782,-0.043203,0.004761,0.010226,0.017892,-0.02045,0.003296,0.01093,0.006141,-0.032129
1.5,0.012314,-0.042085,0.010666,-0.037651,0.002778,0.005755,0.009715,-0.00393,0.006462,-0.028084,0.007569,0.004027,0.010877,-0.014993,-0.020777,0.006798,0.00862,0.002691,-0.037255,0.00243,0.009643,-0.042667,0.004825,0.010386,0.021575,-0.021177,0.003325,0.010969,0.00627,-0.030404
1.51,0.015936,-0.042192,0.010456,-0.036475,0.003023,0.006079,0.009831,-0.004743,0.00594,-0.028876,0.00787,0.004321,0.010832,-0.015898,-0.018384,0.007141,0.008836,2.03E-03,-0.037757,0.002652,0.009317,-0.042141,0.005142,0.010429,0.025318,-0.022061,0.003591,0.010838,0.006602,-0.028598
1.52,0.019586,-0.042268,0.010166,-0.035209,0.003127,0.006201,0.00985,-0.005642,0.005331,-0.029693,0.008014,0.004426,0.010717,-0.016866,-0.015897,0.007293,0.008926,0.001279,-0.038258,0.002754,0.0089,-0.04154,0.005257,0.010391,0.029028,-0.022991,0.003693,0.010638,0.006736,-0.026694
1.53,0.023262,-0.042234,0.009877,-0.03383,0.003102,0.006207,0.009846,-0.006459,0.004751,-0.030379,0.008083,0.004403,0.010595,-0.017716,-0.013315,0.007348,0.008971,0.000578,-0.038621,0.002733,0.008505,-0.040843,0.005248,0.010339,0.032709,-0.023791,0.003666,0.010437,0.006763,-0.024691
1.54,0.026962,-0.042116,0.009686,-0.032343,0.003097,0.006254,0.00986,-0.007122,0.004329,-0.030966,0.008176,0.004418,0.010517,-0.018441,-0.010609,0.007435,0.009034,4.00E-05,-0.038901,0.002724,0.008227,-0.04005,0.005282,0.010313,0.036334,-0.024483,0.003669,0.010303,0.006826,-0.022568
1.54,0.030682,-0.041981,0.009545,-0.030772,0.003211,0.006434,0.010021,-0.007856,0.003861,-0.031582,0.008419,0.004557,0.010545,-0.019228,-0.007794,0.007661,0.009249,-0.000561,-0.039188,0.002826,0.007959,-0.039214,0.005446,0.010418,0.03987,-0.025223,0.003793,0.010247,0.00703,-0.020351
1.55,0.034426,-0.041817,0.009215,-0.029112,0.003458,0.006732,0.010137,-0.008792,0.003175,-0.03228,0.008724,0.004827,0.010446,-0.020161,-0.004854,0.007987,0.009477,-0.001388,-0.039476,0.003068,0.007485,-0.03832,0.005736,0.010438,0.043318,-0.026074,0.004056,0.010027,0.007344,-0.018023
1.56,0.038103,-0.041575,0.008853,-0.027343,0.003516,0.006781,0.010071,-0.009626,0.002553,-0.03291,0.008784,0.004879,0.010245,-0.021006,-0.001817,0.008057,0.009484,-0.002122,-0.039701,0.00313,0.007023,-0.037339,0.00579,0.010314,0.046578,-0.026851,0.004112,0.009746,0.007401,-0.015592
1.57,0.041652,-0.041224,0.008574,-0.025501,0.003457,0.006734,0.010025,-0.010346,2.02E-03,-0.033402,0.008794,0.004816,0.010099,-0.021713,0.00128,0.008048,0.009477,-0.002749,-0.0398,0.003073,0.006641,-0.036273,0.005738,0.010228,0.049622,-0.027488,0.004048,0.009536,0.007368,-0.013103
1.58,0.045144,-0.040781,0.00827,-0.023514,0.003524,0.006865,0.010074,-0.01113,0.001422,-0.033886,0.008976,0.004911,0.009979,-0.02246,0.004536,0.008222,0.009608,-0.003455,-0.039852,0.003133,0.006217,-0.035091,0.005855,0.010204,0.052532,-0.028147,0.004129,0.009324,0.007515,-0.01045
1.58,0.04849,-0.040351,0.008003,-0.021459,0.003694,0.0071,0.010191,-0.011956,0.00082,-0.034425,0.009244,0.005115,0.009914,-0.023272,0.00788,0.008484,0.009813,-0.004184,-0.039945,0.003296,0.005816,-0.033863,0.00608,0.010243,0.055255,-0.02886,0.004316,0.009158,0.007754,-0.007716
1.59,0.051704,-0.039879,0.007617,-1.93E-02,0.003914,0.007319,0.010214,-0.01282,0.000135,-0.034941,0.009445,0.005341,0.009737,-0.024082,0.01136,0.008701,0.009943,-0.004975,-0.040024,0.003512,0.005308,-0.032566,0.00631,0.010176,0.057787,-0.029566,0.00454,0.008868,0.007971,-0.00487
1.6,0.054695,-0.039259,0.007196,-0.017027,0.003928,0.007308,0.010094,-0.01359,-0.00052,-0.035324,0.009446,0.005338,0.009476,-0.024772,0.014937,0.008702,0.009896,-0.005701,-0.039964,0.003533,0.004783,-0.031125,0.006307,0.009992,0.060035,-0.030155,0.004545,0.008526,0.007961,-0.001905
1.61,0.057459,-0.038542,0.006864,-0.014622,0.003859,0.007279,0.010056,-0.014333,-0.001117,-0.035647,0.009484,0.005277,0.009312,-0.025434,0.018636,0.008714,0.009914,-0.006389,-0.039834,0.003468,0.004352,-0.029565,0.006264,0.0099,0.061984,-0.030689,0.004479,0.008281,0.007945,0.001182
1.62,0.059933,-0.037864,0.006459,-0.012189,0.004032,0.007499,0.01009,-0.015181,-0.001824,-0.03605,0.009707,0.005478,0.009124,-0.026185,0.022396,0.008947,0.010066,-0.007192,-0.039763,0.003621,0.003807,-0.028002,0.006481,0.009834,0.063602,-0.031313,0.004664,0.007975,0.008172,0.004327
1.62,0.062109,-0.037141,0.006078,-0.009662,0.004243,0.007716,0.010116,-0.015983,-0.002492,-0.036422,0.009912,0.005696,0.008946,-0.026897,0.026225,0.009168,0.010202,-0.007946,-0.039646,0.00382,0.003309,-0.026367,0.006704,0.009769,0.064915,-0.031904,0.004877,0.007692,0.008387,0.007563
1.63,0.064018,-0.03626,0.005677,-0.006974,0.00437,0.00781,0.010075,-0.016735,-0.003155,-0.036677,0.010004,0.005806,0.008733,-0.027521,0.030176,0.009261,0.010244,-0.008676,-0.03938,0.003953,0.002794,-0.024566,0.00681,0.009655,0.066013,-0.032388,0.004999,0.007386,0.008475,0.010971
1.64,0.065663,-0.035271,0.005179,-0.004132,0.004379,0.007803,0.009928,-0.017509,-0.003877,-0.036886,0.010004,0.005804,0.008415,-0.02814,0.034207,0.009259,0.010191,-0.009456,-0.039024,0.003968,0.002196,-0.022629,0.006808,0.009434,0.066929,-0.032842,0.005003,0.006968,0.008466,0.014544
1.65,0.067002,-0.034267,0.004753,-0.001254,0.004381,0.007851,0.009864,-0.018268,-0.004548,-0.037105,0.010075,0.005827,0.008177,-0.02875,0.038194,0.009322,0.010215,-0.010199,-0.038658,0.003962,0.001664,-0.020672,0.006847,0.009294,0.067636,-0.033308,0.005015,0.006635,0.008516,0.018158
1.66,0.068033,-0.033256,0.004287,0.001671,0.004598,0.008082,0.009852,-0.01907,-0.005291,-0.037328,0.010264,0.006067,0.007931,-0.029387,0.042147,0.009529,0.010324,-0.010999,-0.038304,0.00417,0.001071,-1.87E-02,0.007089,0.009178,0.068126,-0.033786,0.005247,0.006274,0.008729,0.021832
1.66,0.068803,-0.032112,0.003815,0.004773,0.004781,0.008232,0.0098,-0.019831,-0.00601,-0.037474,0.010387,0.006238,0.00767,-0.029976,0.046122,0.009663,0.01038,-0.01177,-0.037844,0.004359,0.000489,-0.016545,0.007252,0.00903,0.068445,-0.034219,0.005426,0.005899,0.008866,0.025675
1.67,0.069318,-0.030805,0.003389,0.008042,0.004844,0.008267,0.009702,-0.020497,-0.00665,-0.03748,0.010415,0.006287,0.00741,-0.030446,0.050038,0.00969,0.010364,-0.012458,-0.037243,0.004428,-3.90E-05,-0.014234,0.007294,0.008854,0.068586,-0.034519,0.005482,0.005551,0.008893,0.02963
1.68,0.069562,-0.029451,0.002798,0.011406,0.004902,0.008317,0.00952,-0.021239,-0.00743,-0.037473,0.010418,0.00635,0.007013,-0.030948,0.053816,0.009713,0.010293,-0.013257,-0.0366,0.004479,-0.000718,-0.011841,0.007354,0.008577,0.068527,-0.034837,0.005543,0.005051,0.008929,0.033626
1.69,0.069564,-0.02812,2.28E-03,0.014816,0.004969,0.00839,0.009427,-0.022009,-0.008194,-0.037524,0.010483,0.006424,0.006703,-0.031504,0.057377,0.009778,0.010305,-0.01406,-0.036014,0.004539,-0.001354,-0.009428,0.007429,0.008389,0.068267,-0.035216,0.005613,0.004629,0.008997,0.037605
1.7,0.069391,-0.026698,0.001808,0.018334,0.00517,0.00856,0.00936,-0.022704,-0.008882,-0.037502,0.01059,0.006619,0.006435,-0.031988,0.060696,0.009912,0.010344,-0.014786,-0.035355,0.004731,-0.001927,-0.006918,0.007613,0.00823,0.067845,-0.035501,0.005811,0.004254,0.009151,0.041572
1.7,0.069102,-0.025107,0.001258,0.022017,0.005335,0.008681,0.009205,-0.023358,-0.009608,-0.037336,0.010644,0.006766,0.006062,-0.032371,0.063803,0.01,0.010314,-0.015518,-0.034522,0.004898,-0.002569,-0.004228,0.007748,0.00797,0.067309,-0.035651,0.00597,0.003778,0.009256,0.045579
1.71,0.068692,-0.023402,0.000737,0.025868,0.005381,0.008694,0.00907,-0.02399,-0.010314,-0.037132,0.010639,0.006798,0.005733,-0.032726,0.066647,0.009994,0.01027,-0.016234,-0.033619,0.004948,-0.003186,-0.001385,0.00777,0.00775,0.066648,-0.035762,0.006011,0.003352,0.009258,0.049608
1.72,0.068142,-0.021718,0.000147,0.029734,0.005493,0.008756,0.008846,-0.024675,-0.011069,-0.036971,0.010607,0.006906,0.005318,-0.033145,0.069069,0.010001,0.010159,-0.016994,-0.032755,0.005056,-0.003858,0.001465,0.007856,0.007441,0.065868,-0.035923,0.006127,0.002833,0.009295,0.053491
1.73,0.067395,-0.019954,-0.000464,0.033686,0.005578,0.008849,0.008672,-0.02537,-0.011851,-0.036775,0.01064,0.007007,0.004903,-0.03354,0.071061,0.010065,0.010111,-0.017776,-0.031822,0.005136,-0.004561,0.004415,0.007956,0.007155,0.064925,-0.03606,0.00622,0.002317,0.009375,0.057267
1.74,0.066498,-0.018033,-0.000973,0.037714,0.005724,0.008948,0.008565,-0.025948,-0.012535,-0.036426,0.010686,0.007134,0.004592,-0.033798,0.072627,0.01013,0.010104,-0.018457,-0.030725,0.005289,-0.005168,0.007506,0.008066,0.006952,0.063857,-0.036049,0.006359,0.001893,0.009457,0.060896
1.74,0.065508,-0.016004,-0.00155,0.04178,0.005924,0.009046,0.00832,-0.026486,-0.013222,-0.03601,0.010636,0.007308,0.004162,-0.034007,0.073798,0.010141,0.009967,-0.019118,-0.029539,0.00549,-0.005805,0.010702,0.008205,0.006621,0.062715,-0.035986,0.00655,0.001383,0.009515,0.064341
1.75,0.064424,-0.013925,-0.002153,0.045863,0.005969,0.009086,0.008118,-0.027082,-0.013951,-0.035617,0.010621,0.007356,0.00374,-0.034261,0.074586,0.01015,0.009881,-0.019824,-0.028343,0.005531,-0.006482,0.013986,0.008248,0.006319,0.061487,-0.035971,0.006597,0.000858,0.009541,0.067535
1.76,0.063213,-0.011768,-0.002772,0.049906,0.006053,0.009122,0.007894,-0.027695,-0.014718,-0.035197,0.010573,0.007425,0.003309,-0.034507,0.074965,0.010137,0.00977,-0.020571,-0.027085,0.005614,-0.007194,0.017346,0.0083,0.006,0.060134,-0.035943,0.006675,0.000324,0.009557,0.070338
1.77,0.061878,-0.009491,-0.003409,0.05392,0.006206,0.009188,0.007602,-0.028233,-0.015445,-0.034662,0.010487,0.007558,0.002818,-0.034661,0.074978,0.010118,0.009594,-0.021257,-0.025706,0.005763,-0.007886,0.020813,0.008403,0.005615,0.058651,-0.035823,0.006821,-0.00025,0.009588,0.072674
1.78,0.060451,-0.007081,-0.003956,0.057894,0.006325,0.009264,0.007414,-0.028669,-0.016081,-0.03404,0.010474,0.007664,0.002435,-0.034728,0.074676,0.010145,0.009514,-0.021842,-0.024222,0.005882,-0.008494,0.02443,0.008494,0.005335,0.057063,-0.035617,0.006937,-0.000725,0.009644,0.074546
1.78,0.058945,-0.004597,-0.004564,0.061684,0.006492,0.009327,0.007162,-0.029157,-0.016774,-0.033389,0.010408,0.007794,1.98E-03,-0.034807,0.074094,0.010134,0.009373,-0.022489,-0.022679,0.006058,-0.00917,0.028111,0.00859,0.004988,0.055403,-0.035403,0.007094,-0.001269,0.009677,0.075934
1.79,0.057372,-0.002043,-0.00523,0.065275,0.006574,0.009364,0.006861,-0.029673,-0.017518,-0.03274,0.010314,0.007874,0.001482,-0.034923,0.073279,0.010102,0.009194,-0.023182,-0.021104,0.006137,-0.00989,0.031887,0.008651,0.004596,0.05367,-0.035211,0.00718,-0.00186,0.009688,0.076892
1.8,0.055713,0.000597,-0.005852,0.068595,0.006644,0.009372,0.006568,-0.030117,-0.018201,-0.032006,0.010197,0.007931,0.000996,-0.034949,0.072257,0.010043,0.009,-0.023792,-0.01944,0.006209,-0.010564,0.035729,0.008685,0.004213,0.051861,-0.03492,0.007247,-0.002426,0.009672,0.077419
1.81,0.053938,0.00339,-0.0065,0.071619,0.006814,0.009383,0.006219,-0.03048,-0.018858,-0.031134,0.010032,0.008048,0.000473,-0.034865,0.071027,0.009956,0.008753,-0.024368,-0.017627,0.006392,-0.01125,0.039682,0.008748,0.003775,0.049943,-0.034507,0.007397,-0.003026,0.009646,0.077514
1.82,0.052096,0.006266,-0.007083,0.07422,0.006912,0.009451,0.00598,-0.030842,-0.019486,-0.030223,0.009984,0.008147,3.80E-05,-0.034775,0.069636,0.009968,0.008631,-0.024924,-0.015749,0.006487,-0.011876,0.043678,0.008832,0.00345,0.047957,-0.034082,0.007497,-0.003542,0.009694,0.077191
1.82,0.050197,0.009191,-0.007696,0.076325,0.00705,0.009503,0.005678,-0.031219,-0.020142,-0.0293,0.00987,0.008265,-0.000446,-0.034687,0.068106,0.009935,0.008436,-0.025497,-0.013844,0.006619,-0.012535,0.047687,0.008922,0.003061,0.045921,-0.033647,0.007627,-0.004108,0.009716,0.076464
1.83,0.048236,0.012217,-0.008396,0.077938,0.007187,0.009476,0.005267,-0.031556,-0.020818,-0.028283,0.009656,0.008345,-0.001034,-0.03453,0.066477,0.009806,0.00813,-0.026076,-0.011833,0.006766,-0.013262,0.051703,0.00895,0.002564,0.043826,-0.033143,0.00774,-0.004759,0.009651,0.07541
1.84,0.046216,0.015382,-0.009029,0.079096,0.007228,0.009449,0.004917,-0.031834,-0.021439,-0.027151,0.009493,0.008366,-0.001549,-0.034288,0.064785,0.009714,0.007882,-0.026586,-0.009683,0.006811,-0.013919,0.05572,0.00895,0.002137,0.041678,-0.032528,0.007772,-0.005347,0.009602,0.074125
1.85,0.044146,0.018652,-0.009645,0.079772,0.00738,0.009462,0.004544,-0.03207,-0.022024,-0.025951,0.009303,0.00848,-0.002079,-0.033994,0.063031,0.009623,0.007605,-0.027063,-0.007445,0.006968,-0.014553,0.059693,0.00902,1.69E-03,0.039488,-0.031864,0.007913,-0.00593,0.009576,0.072649
1.86,0.042007,0.02197,-0.010258,0.079928,0.007511,0.009496,0.00422,-0.032291,-0.022607,-0.024719,0.009171,0.008585,-0.002574,-0.033676,0.061184,0.009577,0.007387,-0.027531,-0.005167,0.007102,-0.015191,0.063535,0.009095,0.001281,0.037242,-0.031174,0.008039,-0.006496,0.009582,0.070999
1.86,0.039827,0.025369,-0.01088,0.079627,0.007582,0.009489,0.003858,-0.032498,-0.023197,-0.023432,0.009,0.008636,-0.003099,-0.03333,0.05927,0.009496,0.007131,-0.027999,-0.002805,0.00718,-0.015829,0.067221,0.009122,0.000841,0.034965,-0.030427,0.008105,-0.007084,0.009551,0.069232
1.87,0.037618,0.02893,-0.011568,0.078927,0.007736,0.009415,0.00335,-0.03266,-0.023779,-0.02204,0.008674,0.008708,-0.00373,-0.032909,0.057299,0.009291,0.006705,-0.028439,-0.000307,0.007356,-0.016508,0.070751,0.009126,0.000271,0.032672,-0.02959,0.008228,-0.007753,0.009427,0.06737
1.88,0.035426,0.032574,-0.012193,0.077861,0.007805,0.009376,0.002957,-0.032765,-0.024319,-0.020559,0.008463,0.008749,-0.004271,-0.032425,0.05531,0.009168,0.00641,-0.02883,0.002284,0.007429,-0.017136,0.073916,0.009134,-0.000195,0.030412,-0.028676,0.008289,-0.008346,0.009359,0.06545
1.89,0.033184,0.036293,-0.012777,0.076449,0.00788,0.009384,0.002592,-0.032841,-0.024824,-0.019018,0.00829,0.008816,-0.00478,-0.031898,0.053258,0.009093,0.00614,-0.0292,0.004958,0.007499,-0.01772,0.076627,0.009179,-0.000628,0.028118,-0.027705,0.008365,-0.008907,0.00934,0.06343
1.9,0.030872,0.040045,-0.013386,0.074722,0.00802,0.00934,0.002147,-0.032883,-0.025317,-0.017412,0.008021,0.008893,-0.005342,-0.031326,0.051123,0.008937,0.005776,-0.029534,0.007707,0.007647,-0.018317,0.078837,0.009203,-0.001137,0.025775,-0.02668,0.008479,-0.009501,0.009255,0.061286
1.9,0.028589,0.043797,-0.014004,0.072799,0.008099,0.009261,1.70E-03,-0.032897,-0.025806,-0.015736,0.007745,0.008914,-0.005903,-0.030698,0.048984,0.008766,0.005417,-0.029859,0.010526,0.00774,-0.018919,0.080553,0.009179,-0.001635,0.023481,-0.025596,0.008533,-0.010106,0.009143,0.059095
1.91,0.026331,0.047624,-0.014677,0.070735,0.008234,0.009195,0.001168,-0.03289,-0.026312,-0.013957,0.007418,0.008986,-0.006549,-0.030019,0.046863,0.008574,0.004972,-0.030187,0.01348,0.007887,-0.01956,0.08178,0.00919,-0.002231,0.021228,-0.024439,0.008641,-0.010775,0.009027,0.056889
1.92,0.024063,0.051495,-0.015265,0.068528,0.008309,0.009141,0.000728,-0.032818,-0.026746,-0.01207,0.007157,0.009028,-0.007099,-0.029255,0.04473,0.008425,0.004617,-0.030446,0.016551,0.007965,-0.020127,0.082468,0.009192,-0.00272,0.018983,-0.023196,0.008704,-0.011354,0.008937,0.054664
1.93,0.021778,0.055313,-0.015779,0.066178,0.008315,0.00907,0.000345,-0.032683,-0.027114,-0.010123,0.006922,0.009017,-0.007579,-0.028417,0.04255,0.008285,0.004305,-0.030638,0.019653,0.007972,-0.020614,0.082573,0.009158,-0.003161,0.016744,-0.021886,0.008705,-0.011864,0.008842,0.052391
1.94,0.019491,0.059122,-0.016401,0.063731,0.008452,0.008953,-0.000228,-0.032525,-0.027502,-0.008109,0.006536,0.009062,-0.008219,-0.027531,0.040332,0.008035,0.003804,-0.030836,0.022823,0.008136,-0.021182,0.082161,0.00913,-0.003764,0.014517,-0.020528,0.008802,-0.012503,0.008677,0.050086
1.94,0.017252,0.062928,-0.017024,0.061288,0.008567,0.008851,-0.000749,-0.032374,-0.02792,-0.00601,0.006192,0.009104,-0.008825,-0.026616,0.038132,0.007814,0.003359,-0.031062,0.026098,0.00827,-0.021757,0.081296,0.009107,-0.004337,0.012352,-0.019126,0.008887,-0.013135,0.008532,0.047815
1.95,0.015058,0.066685,-0.017602,0.058843,0.008636,0.008787,-0.00123,-0.032173,-0.028293,-0.003815,0.005902,0.009135,-0.009395,-0.02563,0.035938,0.007654,0.00296,-0.031243,0.029467,0.008346,-0.022297,0.079996,0.0091,-0.004861,0.010248,-0.017634,0.008944,-0.013716,0.008432,0.045573
1.96,0.012865,0.070329,-0.018128,0.056368,0.008678,0.008669,-0.001733,-0.031832,-0.028552,-0.001503,0.005555,0.009131,-0.009948,-0.024515,0.033705,0.007428,0.002516,-0.031303,0.032926,0.008396,-0.022748,0.078274,0.009047,-0.005398,0.008156,-0.016028,0.00897,-0.014267,0.00827,0.043298
1.97,0.010676,0.073739,-0.0186,0.053861,0.008668,0.008503,-0.002212,-0.031453,-0.028779,0.000876,0.005201,0.009065,-0.010454,-0.023343,0.031435,0.007175,0.002083,-0.031331,0.036444,0.008399,-0.023167,0.076212,0.008935,-0.005893,0.006069,-0.014351,0.008936,-0.014764,0.008068,0.040993
1.98,0.008533,0.076832,-0.019226,0.051367,0.00879,0.008365,-0.002814,-0.031126,-0.029115,0.003307,0.004779,0.009092,-0.011115,-0.022179,0.029165,0.006897,1.55E-03,-0.031442,0.040018,0.008547,-0.023706,0.073916,0.008887,-0.006531,0.004037,-0.012655,0.009021,-0.015417,0.007871,0.038694
1.98,0.006462,0.079471,-0.01982,0.048858,0.008919,0.008267,-0.0034,-0.030741,-0.029416,0.005811,0.004404,0.009146,-0.011748,-0.02095,0.02691,0.006669,0.00104,-0.031519,0.04365,0.00869,-0.024231,0.071444,0.008874,-0.007154,0.002087,-0.010889,0.00912,-0.016048,0.007721,0.036404
1.99,0.004421,0.081548,-0.020231,0.046363,0.008918,0.008138,-0.00383,-0.030221,-0.029549,0.008429,0.004094,0.009106,-0.012204,-0.019595,0.024665,0.006463,0.000648,-0.031435,0.047317,0.008696,-0.024561,0.068848,0.008799,-0.007596,0.000169,-0.009003,0.009105,-0.016483,0.007563,0.034117
2,0.002387,0.083051,-0.020679,0.043843,0.008912,0.007926,-0.004385,-0.029608,-0.02966,0.011156,0.003657,0.009029,-0.01274,-0.018138,0.022409,0.006144,0.000127,-0.031296,0.051042,0.008706,-0.024912,0.066154,0.008666,-0.008157,-0.00174,-0.006999,0.00907,-0.01699,0.007309,0.03181
2.01,0.000414,0.083961,-0.021226,0.041323,0.008913,0.007721,-0.004998,-0.029023,-0.029843,0.013938,0.003213,0.008957,-0.013365,-0.016651,0.020169,0.005822,-0.000431,-0.031205,0.054791,0.008724,-0.025351,0.063361,0.008538,-0.008781,-0.003585,-0.00495,0.009041,-0.017582,0.007055,0.029512
2.02,-0.001491,0.084299,-0.021745,0.038818,0.009018,0.007567,-0.005574,-0.028454,-0.030034,0.016734,0.002796,0.00896,-0.013957,-0.01518,0.017965,0.005546,-0.000956,-0.031125,0.058498,0.008851,-0.025774,0.060517,0.008469,-0.009377,-0.005359,-0.002893,0.009101,-0.018156,0.006843,0.027234
2.02,-0.003388,0.084093,-0.0222,0.036319,0.009126,0.007417,-0.006149,-0.027766,-0.030121,0.019616,0.002381,0.008974,-0.014507,-0.013584,0.015754,0.005263,-0.001483,-0.030923,0.062118,0.008982,-0.026116,0.057625,0.008408,-0.009949,-0.007125,-0.000727,0.00917,-0.01866,0.006637,0.024937
2.03,-0.005256,0.083398,-0.022535,0.033844,0.009053,0.00724,-0.006615,-0.026921,-0.030071,0.022631,0.002027,0.008873,-0.014955,-0.011825,0.013562,0.005007,-0.001923,-0.030574,0.065636,0.008912,-0.026334,0.054728,0.008278,-0.010419,-0.008854,0.001601,0.009088,-0.019067,0.006429,0.022658
2.04,-0.007032,0.082257,-0.022944,0.031448,0.008992,0.00696,-0.007203,-0.026083,-0.030063,0.02572,0.001544,0.00873,-0.015488,-0.010023,0.011436,0.004629,-0.002488,-0.030262,0.069063,0.008871,-0.026609,0.051847,0.008071,-0.01099,-0.010498,0.003998,0.008989,-0.019542,0.006106,0.020441
2.05,-0.008741,0.080708,-0.023462,0.029086,0.009034,0.006688,-0.007901,-0.025291,-0.030141,0.028815,0.000991,0.00865,-0.016151,-0.008244,0.009351,0.004216,-0.003157,-0.030018,0.072363,0.008946,-0.026991,0.048975,0.007898,-0.011682,-0.012083,0.006391,0.008978,-0.020146,0.005768,0.018257
2.06,-0.010458,0.078757,-0.02386,0.026699,0.009098,0.006542,-0.008451,-0.024402,-0.030112,0.031961,0.000604,0.008636,-0.016668,-0.00637,0.007237,0.00395,-0.003655,-0.029673,0.075465,0.009031,-0.027258,0.04607,0.007824,-0.012236,-0.013664,0.008856,0.009009,-0.020612,0.005572,0.016039
2.06,-0.012173,0.076434,-0.024141,0.02433,0.009122,0.006348,-0.008946,-0.023359,-0.029937,0.035223,0.000205,0.008579,-0.017098,-0.004346,0.005121,0.003652,-0.004142,-0.029187,0.078314,0.009074,-0.027389,0.043186,0.007705,-0.012706,-0.015252,0.011472,0.008999,-0.020973,0.005331,0.013819
2.07,-0.013775,0.073799,-0.024433,0.02207,0.009017,0.006065,-0.009502,-0.022263,-0.029746,0.038578,-0.000267,0.008414,-0.017564,-0.002241,0.003108,0.003279,-0.004685,-0.028659,0.080776,0.008983,-0.027527,0.040417,0.007489,-0.013239,-0.016738,0.014178,0.008866,-0.021364,0.005005,0.011706
2.08,-0.015265,0.070868,-0.024812,0.019884,0.008921,0.005748,-0.010143,-0.021177,-0.029617,0.041967,-0.000792,0.008232,-0.018126,-0.000101,0.001194,0.002852,-0.005307,-0.028185,0.082669,0.008912,-0.027742,0.03771,0.007246,-0.013849,-0.018119,0.016927,0.008735,-0.021842,0.004641,0.009675
2.09,-0.01677,0.0677,-0.025217,0.017662,0.008963,0.005444,-0.010822,-0.020051,-0.029487,0.045366,-0.001361,0.008129,-0.018715,0.002088,-0.000753,0.00241,-0.005971,-0.027684,0.083871,0.008994,-0.027971,0.034975,0.007043,-0.014506,-0.019516,0.019719,0.008714,-0.022351,0.004272,0.007605
2.1,-0.018332,0.064427,-0.025444,0.015393,0.008984,0.005272,-0.011324,-0.018812,-0.029214,0.048772,-0.001743,0.00808,-0.019134,0.00436,-0.002755,0.002129,-0.006449,-0.027058,0.084406,0.009032,-0.028034,0.032227,0.006937,-0.014982,-0.020977,0.022576,0.008707,-0.022679,0.004049,0.00548
2.1,-0.019775,0.061175,-0.025579,0.013218,0.008905,0.005037,-0.011766,-0.017454,-0.028827,0.052232,-0.002131,0.007939,-0.019465,0.006748,-0.004646,1.81E-03,-0.006897,-0.02631,0.084416,0.008968,-0.027998,0.02958,0.006754,-0.015389,-0.022333,0.025539,0.008603,-0.022925,0.003777,0.003455
2.11,-0.021081,0.058003,-0.025854,0.011177,0.008792,0.004639,-0.012416,-0.016069,-0.028511,0.055733,-0.002719,0.007708,-0.019979,0.009226,-0.006391,0.001311,-0.007555,-0.025584,0.084016,0.008885,-0.028078,0.027079,0.006444,-0.015991,-0.023555,0.028596,0.008441,-0.023328,0.003331,0.001567
2.12,-0.022394,0.054792,-0.02618,0.009125,0.008692,0.00429,-0.013102,-0.014665,-0.028228,0.059231,-0.003297,0.007509,-0.020539,0.011751,-0.00815,0.000836,-0.008229,-0.024872,0.083146,0.008812,-0.0282,0.024589,0.006172,-0.016633,-0.024803,0.031717,0.008297,-0.023778,0.002923,-0.000335
2.13,-0.023738,0.051499,-0.026356,0.007021,0.008657,0.003998,-0.013642,-1.32E-02,-0.027815,0.062577,-0.003769,0.007366,-0.020955,0.014297,-0.009937,0.000447,-0.00877,-0.024054,0.081725,0.008808,-0.028188,0.022059,0.005954,-0.017139,-0.026089,0.034815,0.008212,-0.024088,0.002587,-0.002282
2.14,-0.025047,0.048165,-0.026414,0.004918,0.008644,0.003752,-0.014093,-0.011599,-0.027291,0.065846,-0.004179,0.007256,-0.021258,0.016923,-0.011703,0.000108,-0.009235,-0.023116,0.079819,0.00882,-0.028055,0.019543,0.005776,-0.017529,-0.027334,0.037974,0.008157,-0.024274,0.002299,-0.004218
2.14,-0.026245,0.044947,-0.026516,0.002963,0.008522,0.003467,-0.014589,-0.009938,-0.026757,0.069117,-0.004617,0.007066,-0.021613,0.019676,-0.013343,-0.000267,-0.009737,-0.022146,0.07759,0.008715,-0.027951,0.017201,0.005544,-0.017983,-0.02848,0.041246,0.008004,-0.024511,0.00197,-0.006017
2.15,-0.027353,0.041814,-0.026724,0.001119,0.008349,0.003002,-0.015278,-0.008221,-0.026256,0.07229,-0.005265,0.006764,-0.022127,0.022507,-0.014869,-0.000836,-0.010442,-0.021161,0.075069,0.008582,-0.027925,0.014984,0.005162,-0.018604,-0.029544,0.044558,0.007772,-0.024876,0.001458,-0.007704
2.16,-0.028483,0.038623,-0.026861,-0.000788,0.008233,0.002592,-0.015891,-0.006453,-0.02568,0.075185,-0.005849,0.006523,-0.022556,0.025342,-0.01644,-0.001355,-0.011083,-0.020119,0.07222,0.008504,-0.027823,0.012718,0.00483,-0.01916,-0.030626,0.047816,0.007601,-0.025171,0.000996,-0.009449
2.17,-0.029655,0.035392,-0.026828,-0.002751,0.008131,0.002338,-0.01629,-0.004636,-0.024991,0.077674,-0.006225,0.006356,-0.022793,0.028173,-0.018062,-0.001677,-0.011495,-0.018986,0.069079,0.008424,-0.02757,0.010413,0.004621,-0.019496,-0.031745,0.051019,0.007471,-0.025277,0.000709,-0.011249
2.18,-0.030747,0.032293,-0.026796,-0.004605,0.00807,0.002043,-0.016733,-0.002722,-0.024254,0.079731,-0.006654,0.006195,-0.02306,0.031097,-0.019574,-0.002062,-0.011969,-0.017783,0.065793,0.008392,-0.027306,0.008232,0.004396,-0.019877,-0.032781,0.054253,0.007367,-0.025398,0.000377,-0.012937
2.18,-0.031717,0.029385,-0.026854,-0.006313,0.007934,1.64E-03,-0.017325,-0.00071,-0.023514,0.081345,-0.007229,0.005937,-0.023449,0.034156,-0.020952,-0.002568,-0.012582,-0.016541,0.062448,0.008295,-0.027099,0.006219,0.004062,-0.020396,-0.033691,0.05754,0.007179,-0.02563,-8.00E-05,-0.014483
2.19,-0.032663,0.026532,-0.02688,-0.007999,0.007664,0.00115,-0.017914,0.001352,-0.022728,0.082475,-0.007829,0.005568,-0.023824,0.037239,-0.022303,-0.003135,-0.013216,-0.015251,0.058983,0.008056,-0.026847,0.004234,0.003631,-0.020908,-0.034569,0.06075,0.006858,-0.025841,-0.000598,-0.016008
2.2,-0.033669,0.023629,-0.026774,-0.009756,0.007494,0.000735,-0.018385,0.003459,-0.02184,0.083122,-0.008345,0.005288,-0.02407,0.040295,-0.023713,-0.003617,-0.013734,-0.013874,0.055381,0.007917,-0.026479,0.002177,0.003283,-0.021295,-0.035505,0.063818,0.00664,-0.025919,-0.001049,-0.017598
2.21,-0.034678,0.020756,-0.02661,-0.011522,0.007411,0.000463,-0.018745,0.005625,-0.020894,0.0833,-0.008718,0.005116,-0.024234,0.043377,-0.025131,-0.003961,-0.014134,-0.012443,0.051745,0.007861,-0.02606,0.000123,0.003057,-0.021583,-0.036443,0.066803,0.006518,-0.025933,-0.001352,-0.019199
2.22,-0.035556,0.018104,-0.026506,-0.013132,0.007287,0.00012,-0.019211,0.007862,-0.019943,0.083005,-0.009188,0.00489,-0.024482,0.046507,-0.02638,-0.004383,-0.014622,-0.010976,0.048273,0.007771,-0.025675,-0.001756,0.002771,-0.021973,-0.037257,0.06973,0.00635,-0.026022,-0.001728,-0.020632
2.22,-0.036352,0.015593,-0.026404,-0.014623,0.00707,-0.000394,-0.019775,0.010222,-0.018917,0.082183,-0.009818,0.00454,-0.024785,0.049683,-0.027524,-0.004985,-0.015259,-0.009408,0.044863,0.007602,-0.025268,-0.003519,0.002337,-0.022441,-0.037991,0.072567,0.006071,-0.026136,-0.002286,-0.021964
2.23,-0.037191,0.013055,-0.026192,-0.016183,0.006725,-0.000902,-0.020216,0.012633,-0.017798,0.080787,-0.010358,0.004108,-0.024963,0.052824,-0.028718,-0.005526,-0.015767,-0.007759,0.041394,0.007294,-0.024747,-0.005337,0.001857,-0.022778,-0.038775,0.075188,0.005683,-0.026124,-0.002807,-0.023347
2.24,-0.038056,0.010504,-0.025919,-0.017782,0.006538,-0.00126,-0.020553,0.015039,-0.016648,0.078893,-0.010764,0.003835,-0.025066,0.055853,-0.029948,-0.005927,-0.016168,-0.006098,0.037891,0.007132,-0.024187,-0.007203,0.001545,-0.023034,-0.039595,0.077451,0.005459,-0.026044,-0.003187,-0.024767
2.25,-0.038838,0.008057,-0.025667,-0.019295,0.006488,-0.001584,-0.020949,0.017505,-0.015464,0.076609,-0.011217,0.003661,-0.025209,0.05884,-0.03108,-0.006342,-0.016612,-0.004377,0.034462,0.007122,-0.023614,-0.008972,1.29E-03,-0.023337,-0.04034,0.079347,0.005352,-0.025995,-0.003549,-0.026094
2.26,-0.039518,0.005803,-0.02541,-0.020654,0.006247,-0.002034,-0.021361,0.020067,-0.014231,0.07406,-0.011715,0.003317,-0.025355,0.061827,-0.032074,-0.006836,-0.017096,-0.00258,0.031208,0.006917,-0.023025,-0.010584,0.000885,-0.023648,-0.040985,0.08087,0.00506,-0.025944,-0.00402,-0.027274
2.26,-0.040199,0.0036,-0.025087,-0.022011,0.005899,-0.00257,-0.021771,0.022736,-0.012886,0.071246,-0.012276,0.002865,-0.025467,0.064788,-0.033062,-0.007408,-0.017597,-0.000669,0.028017,0.006615,-0.022343,-0.01219,0.00039,-0.023946,-0.041624,0.081945,0.004665,-0.02584,-0.004572,-0.028445
2.27,-0.040913,0.001355,-0.024669,-0.023415,0.005603,-0.003063,-0.022128,0.025446,-0.011453,0.068139,-0.012784,0.002474,-0.025505,0.067633,-0.034098,-0.007931,-0.018056,0.001319,0.024804,0.006353,-0.021565,-0.013846,-6.10E-05,-0.02418,-0.042299,0.082435,0.004323,-0.025656,-0.005082,-0.029663
2.28,-0.041594,-0.000825,-0.024254,-0.024769,0.005407,-0.003409,-0.022387,0.028103,-0.010051,0.064799,-0.013163,0.002199,-0.025501,0.070326,-0.035086,-0.008311,-0.01839,0.003271,0.021667,0.006185,-0.020798,-0.015457,-0.000375,-0.024341,-0.042927,0.082285,0.004087,-0.025454,-0.005441,-0.03083
2.29,-0.042192,-0.002879,-0.023854,-0.026019,0.005268,-0.003794,-0.022706,0.030813,-0.008621,0.061318,-0.013599,0.001932,-0.025541,0.072909,-0.035968,-0.008745,-0.01879,0.005267,0.018665,0.006092,-0.020042,-0.016959,-0.000704,-0.024555,-0.043467,0.081564,0.003885,-0.025291,-0.005849,-0.031887
2.3,-0.042731,-0.00482,-0.02337,-0.027197,0.004947,-0.004333,-0.023062,0.03366,-0.007041,0.057754,-0.014151,1.50E-03,-0.025554,0.075302,-0.036792,-0.009314,-0.019262,0.007428,0.015802,0.005816,-0.019166,-0.01838,-0.001202,-0.024773,-0.043963,0.080367,0.003514,-0.025067,-0.006403,-0.032874
2.3,-0.043299,-0.006721,-0.022781,-0.028375,0.004546,-0.00484,-0.02331,0.036544,-0.005367,0.05412,-0.014608,0.001031,-0.025466,0.077337,-0.037632,-0.009816,-0.01963,0.009664,0.013018,0.005446,-0.018188,-0.01979,-0.001692,-0.024889,-0.044478,0.078748,0.003076,-0.024737,-0.006911,-0.033867
2.31,-0.043848,-0.008631,-0.022198,-0.029554,0.004264,-0.005286,-0.023526,0.039389,-0.003705,0.050388,-0.015033,0.000658,-0.025366,0.078918,-0.038458,-0.010271,-0.019969,0.011882,0.010239,0.005199,-0.017219,-0.021212,-0.002111,-0.024982,-0.044991,0.076742,0.002747,-0.024406,-0.007361,-0.034845
2.32,-0.044316,-0.010473,-0.021608,-0.030661,0.004047,-0.005696,-0.023753,0.042203,-0.002034,0.046617,-0.015446,0.000339,-0.025276,0.080052,-0.039194,-0.010702,-0.020309,0.014115,0.007528,0.005024,-0.016244,-0.022553,-0.002481,-0.025089,-0.045422,0.074408,0.002483,-0.024083,-0.007784,-0.035735
2.33,-0.04474,-0.012198,-0.020967,-0.031706,0.003803,-0.006125,-0.023962,0.045069,-0.000271,0.042933,-0.015861,-6.00E-06,-0.025154,0.080799,-0.039868,-0.011148,-0.020635,0.016436,0.004979,0.004822,-0.0152,-0.023812,-0.002872,-0.025168,-0.045816,0.071846,0.002191,-0.023706,-0.008222,-0.036569
2.34,-0.045174,-0.013853,-0.020233,-0.032735,0.003425,-0.006663,-0.024166,0.047995,0.001621,0.039334,-0.016343,-0.000485,-0.024972,0.081123,-0.040535,-0.011676,-0.020996,0.018876,0.00254,0.004485,-0.014047,-0.025044,-0.003394,-0.025213,-0.046221,0.069082,0.001755,-0.023257,-0.008761,-0.037392
2.34,-0.045547,-0.015472,-0.019417,-0.033721,0.003008,-0.007176,-0.024285,0.05087,0.00358,0.035721,-0.016754,-0.000966,-0.024715,0.080907,-0.041158,-0.012161,-0.021278,0.021373,0.000148,0.0041,-0.012814,-0.026236,-0.003896,-0.025181,-0.046563,0.066023,0.00131,-0.022723,-0.009264,-0.038172
2.35,-0.045872,-0.017045,-0.018624,-0.034664,0.002723,-0.00757,-0.024378,0.05361,0.005496,0.032135,-0.017105,-0.001322,-0.02446,0.080152,-0.041723,-0.012544,-0.021512,0.023807,-0.002189,0.003843,-0.011616,-0.027386,-0.004281,-0.025135,-0.046845,0.062702,0.000986,-0.022208,-0.009658,-0.038902
2.36,-0.046204,-0.018587,-0.017831,-0.0356,0.002458,-0.008038,-0.024525,0.056301,0.007451,0.028589,-0.017523,-0.001703,-0.024236,0.078931,-0.042303,-0.013013,-0.021816,0.026291,-0.004468,0.003626,-0.010401,-0.02853,-0.004712,-0.025133,-0.047126,0.059181,0.00066,-0.021698,-0.010134,-0.039636
2.37,-0.0465,-0.020029,-0.016919,-0.036476,0.002135,-0.00851,-0.024596,0.058988,0.009525,0.025194,-0.017914,-0.002127,-0.023902,0.077338,-0.042847,-0.013464,-0.022069,0.02886,-0.006603,0.003348,-0.009059,-0.029605,-0.005173,-0.02504,-0.047365,0.055587,0.000289,-0.021086,-0.0106,-0.040328
2.38,-0.04674,-0.02138,-0.015905,-0.037288,0.001721,-0.00898,-0.024595,0.061689,0.011696,0.021896,-0.018261,-0.002586,-0.023482,0.075381,-0.043342,-0.013888,-0.022258,0.03152,-0.008629,0.00296,-0.007608,-0.030618,-0.005643,-0.024864,-0.047538,0.051922,-0.000157,-0.020373,-0.011058,-0.04096
2.38,-0.04694,-0.022706,-0.014896,-0.038064,1.30E-03,-0.009481,-0.024613,0.064316,0.013875,0.018642,-0.01863,-0.003075,-0.023078,0.073078,-0.043802,-0.014345,-0.022468,0.034175,-0.010622,0.002569,-0.006162,-0.031612,-0.006151,-0.024708,-0.047675,0.048186,-0.00061,-0.019669,-0.011543,-0.041559
2.39,-0.047126,-0.024007,-0.013874,-0.038827,0.000991,-0.00992,-0.024607,0.066775,0.016046,0.015433,-0.018972,-0.003468,-0.022644,0.070418,-0.044262,-0.014752,-0.022653,0.036784,-0.012567,0.002301,-0.004698,-0.032592,-0.006574,-0.024532,-0.047807,0.044376,-0.000965,-0.018954,-0.011978,-0.042158
2.4,-0.047286,-0.025257,-0.012802,-0.039573,0.000676,-0.010359,-0.02458,0.069065,0.018262,0.01233,-0.019304,-0.003871,-0.022184,0.067477,-0.044694,-0.015162,-0.022827,0.039413,-0.014431,0.002025,-0.003187,-0.033546,-0.007008,-0.024332,-0.047919,0.040596,-0.001329,-0.018199,-0.012408,-0.042724
2.41,-0.047387,-0.026446,-0.011628,-0.040264,0.000296,-0.010828,-0.024501,0.071202,0.020597,0.00933,-0.019624,-0.004327,-0.021632,0.064293,-0.045071,-0.015575,-0.022971,0.042123,-0.016219,0.001676,-0.00155,-0.034449,-0.007479,-0.024066,-0.04797,0.036875,-0.001749,-0.017347,-0.012863,-0.043238
2.42,-0.047427,-0.027515,-1.04E-02,-0.040862,-0.000125,-0.011268,-0.024336,0.073101,0.022962,0.006505,-0.019883,-0.00478,-0.020993,0.060926,-0.045364,-0.015941,-0.023039,0.044801,-0.017841,0.001283,0.000154,-0.035258,-0.007937,-0.023698,-0.047952,0.033286,-0.002194,-0.016406,-0.013279,-0.04366
2.42,-0.047458,-0.028569,-0.009115,-0.041452,-0.000573,-0.01175,-0.024211,0.074786,0.025356,0.003712,-0.020192,-0.005286,-0.020373,0.057341,-0.045642,-0.016358,-0.023152,0.047475,-0.019434,0.000854,0.001873,-0.036062,-0.008441,-0.023369,-0.047908,0.029696,-0.002673,-0.015476,-0.013739,-0.044074
2.43,-0.047485,-0.029656,-0.007865,-0.04205,-0.00091,-0.012214,-0.024105,0.076197,0.027721,0.000952,-0.020503,-0.005711,-0.019769,0.053642,-0.045924,-0.016768,-0.023279,0.050077,-0.021036,0.000563,0.003588,-0.036891,-0.008897,-0.02306,-0.047853,0.026148,-0.003062,-0.014561,-0.014192,-0.044488
2.44,-0.047467,-0.030677,-0.0065,-0.042587,-0.001227,-0.012594,-0.023865,0.07729,0.030147,-0.001706,-0.020713,-0.006097,-0.019034,0.049865,-0.046162,-0.017091,-0.02329,0.052681,-0.02254,0.000281,0.005402,-0.03767,-0.009295,-0.022607,-0.047744,0.022657,-0.003412,-0.013518,-0.014553,-0.044865
2.45,-0.047381,-0.031582,-0.005062,-0.043046,-0.001666,-0.013011,-0.02358,0.078011,0.032632,-0.004174,-0.020906,-0.006558,-0.018235,0.046188,-0.046308,-0.017411,-0.023266,0.055304,-0.023889,-0.000148,0.007294,-0.03836,-0.009742,-0.022109,-0.047563,0.019352,-0.003872,-0.012406,-0.014937,-0.04517
2.46,-0.047261,-0.032468,-0.003564,-0.043478,-0.002129,-0.013476,-0.023323,0.078343,0.035206,-0.006552,-0.021152,-0.007059,-0.017417,0.042515,-0.046425,-0.017787,-0.023284,0.057953,-0.025193,-0.00058,0.009262,-0.039034,-0.01024,-0.021605,-0.047342,0.016115,-0.004357,-0.011259,-0.015375,-0.045447
2.46,-0.047128,-0.03334,-0.002049,-0.043912,-0.002547,-0.013942,-0.023033,0.078223,0.037727,-0.008865,-0.021386,-0.00754,-0.016565,0.038816,-0.046539,-0.018169,-0.023285,0.060454,-0.026447,-0.000972,0.011231,-0.039696,-0.010726,-0.02107,-0.047103,0.012923,-0.004814,-0.010077,-0.015811,-0.045729
2.47,-0.046949,-0.034207,-0.000521,-0.044337,-0.002909,-0.014333,-0.022705,0.077663,0.040213,-0.011149,-0.021558,-0.007955,-0.015697,0.035075,-0.046619,-0.018473,-0.023239,0.062766,-0.027686,-0.001305,0.013195,-0.040355,-0.011145,-0.020502,-0.046817,0.009742,-0.005211,-0.008879,-0.016179,-0.045986
2.48,-0.046719,-0.035027,0.001084,-0.044717,-0.003247,-0.014651,-0.022307,0.076732,0.042745,-0.013332,-0.021653,-0.008318,-0.014755,0.031377,-0.046652,-0.018703,-0.023119,0.064954,-0.028873,-0.001623,0.01524,-0.040972,-0.011493,-0.019863,-0.046485,0.006647,-0.005561,-0.007605,-0.016466,-0.046189
2.49,-0.046438,-0.035745,0.002804,-0.045043,-0.003728,-0.015077,-0.021837,0.075458,0.045305,-0.015301,-0.021776,-0.008816,-0.013703,0.027851,-0.046646,-0.019004,-0.022975,0.06699,-0.02992,-0.002095,0.017381,-0.041511,-0.01197,-0.019137,-0.046109,0.00377,-0.006065,-0.006217,-0.016843,-0.046329
2.5,-0.046117,-0.036439,0.00458,-0.045333,-0.004234,-0.015562,-0.021407,0.073774,0.047874,-0.017196,-0.021968,-0.00936,-0.012643,0.024368,-0.046609,-0.019373,-0.022889,0.068892,-0.030925,-0.002566,0.019579,-0.042021,-0.012499,-0.018419,-0.045678,0.000964,-0.006591,-0.004788,-0.017293,-0.046426
2.5,-0.04576,-0.037143,0.006299,-0.04561,-0.004579,-0.015908,-0.020963,0.071672,0.050303,-0.019073,-0.022071,-0.009742,-0.011612,0.020885,-0.04656,-0.019621,-0.022756,0.070556,-0.031943,-0.002897,0.021702,-0.042518,-0.012875,-0.01771,-0.045215,-0.001815,-0.006963,-0.003406,-0.017603,-0.0465
2.51,-0.04536,-0.03782,0.008078,-0.045861,-0.004948,-0.016198,-0.020385,0.069189,0.052629,-0.020902,-0.022063,-0.010119,-0.010468,0.017426,-0.046484,-0.019787,-0.022497,0.071991,-0.032942,-0.003256,0.023839,-0.043001,-0.01322,-0.016876,-0.044678,-0.004547,-0.007341,-0.001933,-0.017846,-0.046549
2.52,-0.044915,-0.038452,0.00997,-0.046059,-0.005379,-0.016557,-0.019785,0.066504,0.054966,-0.022608,-0.022098,-0.010559,-0.009248,0.014118,-0.046365,-0.02002,-0.022253,0.07326,-0.033866,-0.003668,0.026088,-0.04343,-0.013635,-0.015995,-0.044107,-0.007124,-0.007783,-0.000358,-0.018167,-0.046553
2.53,-0.044418,-0.039015,0.011926,-0.046201,-0.005849,-0.016972,-0.019219,0.063674,0.057282,-0.02417,-0.022188,-0.011051,-0.008004,0.010992,-0.046205,-0.020304,-0.022054,0.074305,-0.034691,-0.004127,0.028407,-0.043797,-0.014105,-0.015122,-0.043474,-0.009505,-0.008273,0.001265,-0.018529,-0.046514
2.54,-0.043836,-0.039531,0.013897,-0.046282,-0.006322,-0.017337,-0.018564,0.06058,0.059445,-0.025659,-0.0222,-0.011519,-0.0067,0.00792,-0.045984,-0.02052,-0.021766,0.074991,-0.035466,-0.004581,0.030697,-0.044129,-0.014534,-0.014175,-0.042766,-0.011813,-0.008749,0.002921,-0.01884,-0.046424
2.54,-0.043216,-0.040078,0.015853,-0.046354,-0.006656,-0.017583,-0.017856,0.057227,0.061428,-0.027198,-0.02212,-0.011855,-0.00537,0.004823,-0.045738,-0.020632,-0.021409,0.075287,-0.036277,-0.004911,0.032934,-0.044457,-0.014839,-0.013182,-0.042021,-0.014148,-0.009095,0.004593,-0.01904,-0.046322
2.55,-0.042565,-0.040627,0.017869,-0.046439,-0.007026,-0.017847,-0.017134,0.053735,0.063363,-0.028695,-0.022045,-0.012219,-0.003991,0.001812,-0.045497,-0.020755,-0.021047,0.075292,-0.037077,-0.005274,0.03522,-0.044797,-0.015169,-0.012157,-0.041251,-0.016395,-0.009462,0.006322,-0.019252,-0.046227
2.56,-0.041847,-0.041084,0.019973,-0.046456,-0.007542,-0.01822,-0.016367,0.05023,0.06527,-0.030009,-0.022009,-0.012717,-0.002531,-0.000962,-0.045196,-0.020954,-0.020677,0.075041,-0.037723,-0.005779,0.037565,-0.045057,-0.015617,-0.011072,-0.040407,-0.018403,-0.009984,0.008136,-0.019553,-0.046067
2.57,-0.041037,-0.041442,0.022107,-0.046379,-0.007978,-0.018544,-0.01558,0.046683,0.067052,-0.031207,-0.021954,-0.013155,-0.001036,-0.003606,-0.044792,-0.021125,-0.020296,0.074473,-0.038272,-0.006207,0.039911,-0.045215,-0.016016,-0.009957,-0.039472,-0.020271,-0.010423,0.009987,-0.019823,-0.045813
2.58,-0.040173,-0.041839,0.024249,-0.046302,-0.008339,-0.018757,-0.014713,0.042987,0.068609,-0.032451,-0.021793,-0.013486,0.000513,-0.006298,-0.044365,-0.021179,-0.019814,0.073496,-0.038858,-0.006563,0.042225,-0.045378,-0.016304,-0.008774,-0.038475,-0.022175,-0.010777,0.011868,-0.019978,-0.045548
2.58,-0.039296,-0.042285,0.026396,-0.046254,-0.008735,-0.018945,-0.013771,0.039207,0.069904,-0.033689,-0.021568,-0.013831,0.002119,-0.008949,-0.043952,-0.021182,-0.019263,0.072123,-0.039467,-0.006968,0.044487,-0.045578,-0.016582,-0.007523,-0.03746,-0.024039,-0.011163,0.013788,-0.020096,-0.045313
2.59,-0.038387,-0.042643,0.028573,-0.046154,-0.009151,-0.019219,-0.012868,0.035496,0.071,-0.034784,-0.02143,-0.014229,0.003738,-0.011427,-0.043504,-0.021276,-0.018773,0.070461,-0.039971,-0.007373,0.046753,-0.045713,-0.016932,-0.006288,-0.036407,-0.025732,-0.011568,0.015736,-0.0203,-0.045035
2.6,-0.037356,-0.042895,0.030802,-0.045934,-0.009619,-0.019526,-0.011937,0.031856,0.071872,-0.03573,-0.021303,-0.014676,0.005418,-0.013748,-0.042942,-0.021394,-0.01828,0.068524,-0.040359,-0.007837,0.049034,-0.045736,-0.017333,-0.005009,-0.035228,-0.027279,-0.012041,0.017744,-0.020536,-0.044636
2.61,-0.036249,-0.043134,0.033048,-0.04567,-0.010029,-0.019693,-0.010864,0.028243,0.072437,-0.036626,-0.021013,-0.015023,0.007191,-0.016005,-0.042324,-0.021358,-0.017625,0.066277,-0.040727,-0.008255,0.051247,-0.045733,-0.017601,-0.003606,-0.033956,-0.028767,-0.012424,0.019806,-0.020623,-0.044199
2.62,-0.03517,-0.043422,0.035265,-0.045461,-0.010323,-0.019781,-0.009753,0.024625,0.072668,-0.037539,-0.020665,-0.015263,0.008985,-0.018252,-0.041752,-0.021258,-0.01693,0.063738,-0.04115,-0.008554,0.053348,-0.045789,-0.01778,-0.002179,-0.032702,-0.030277,-0.012697,0.021873,-0.020638,-0.043806
2.62,-0.034048,-0.043697,0.03748,-0.045236,-0.010751,-0.01998,-0.008655,0.021042,0.072608,-0.0384,-0.020385,-0.015633,0.010797,-0.020423,-0.041162,-0.021244,-0.016273,0.060949,-0.041541,-0.008991,0.055362,-0.045826,-0.018086,-0.000738,-0.031402,-0.03173,-0.013113,0.023957,-0.020753,-0.043393
2.63,-0.032786,-0.043853,0.039681,-0.044871,-0.011229,-0.020209,-0.00754,0.017604,0.072276,-0.039091,-0.020111,-0.01605,0.012636,-0.022399,-0.040433,-0.021248,-0.015604,0.057992,-0.041809,-0.009467,0.057271,-0.045733,-0.01842,0.000713,-0.029954,-0.033017,-0.013564,0.02605,-0.020894,-0.042844
2.64,-0.031445,-0.043958,0.041901,-0.044438,-0.011575,-0.020344,-0.006358,0.014251,0.071654,-0.039705,-0.019762,-0.016348,0.014544,-0.024275,-0.039636,-0.021179,-0.014876,0.054874,-0.04203,-0.009819,0.059094,-0.045572,-0.018654,0.002242,-0.028417,-0.034224,-0.013898,0.028196,-0.020952,-0.042226
2.65,-0.030109,-0.044123,0.044132,-0.04406,-0.011909,-0.020383,-0.005042,0.010903,0.070702,-0.040366,-0.019284,-0.01659,0.016548,-0.02615,-0.038876,-0.020984,-0.014007,0.051587,-0.042308,-0.010173,0.060825,-0.045463,-0.018812,0.003881,-0.026873,-0.035452,-0.0142,0.030399,-0.020898,-0.041636
2.66,-0.028712,-0.044298,0.0463,-0.043672,-0.012271,-0.020409,-0.003685,0.007628,0.069398,-0.040994,-0.018766,-0.016844,0.018565,-0.027937,-0.038102,-0.020766,-0.013099,0.048159,-0.042594,-0.010547,0.062435,-0.045357,-0.018969,0.005556,-0.025269,-0.036628,-0.014515,0.032587,-0.020826,-0.04104
2.66,-0.027202,-0.044369,0.048389,-0.043164,-0.012682,-0.020566,-0.002422,0.004475,0.06778,-0.041505,-0.018393,-0.017196,0.020539,-0.029581,-0.037204,-0.020695,-0.012307,0.044668,-0.042785,-0.01097,0.063903,-0.04513,-0.019242,0.007163,-0.023538,-0.037666,-0.014906,0.034735,-0.020895,-0.040316
2.67,-0.025585,-0.044364,0.050414,-0.042565,-0.013108,-0.020699,-0.001107,0.001402,0.06587,-0.041939,-0.017973,-0.017534,0.022545,-0.031131,-0.036225,-0.020586,-0.011463,0.041107,-0.042906,-0.011398,0.065195,-0.044812,-0.019494,0.008814,-0.021711,-0.038602,-0.015302,0.03689,-0.020931,-0.039511
2.68,-0.023945,-0.044409,0.052381,-0.042004,-0.013376,-0.020622,0.000376,-0.001576,0.063719,-0.042379,-0.017339,-0.01769,0.024627,-0.032608,-0.035256,-0.020265,-0.010425,0.037512,-0.043077,-0.011689,0.066275,-0.044538,-0.019548,0.010597,-0.019851,-0.039507,-0.015525,0.039076,-0.020751,-0.038729
2.69,-0.022263,-0.044479,0.054316,-0.041436,-0.013651,-0.02055,0.001907,-0.004488,0.061375,-0.042832,-0.016687,-0.017852,0.026774,-0.034061,-0.034273,-0.019935,-0.009353,0.033897,-0.043277,-0.011991,0.067153,-0.044282,-0.019607,0.012449,-0.017947,-0.040401,-0.015755,0.041305,-0.020573,-0.037949
2.7,-0.020455,-0.044446,0.056131,-0.040761,-0.01407,-0.020595,0.003415,-0.007301,0.058834,-0.043187,-0.016122,-0.018154,0.028884,-0.035383,-0.033184,-0.019706,-8.33E-03,0.030279,-0.043378,-0.012425,0.06778,-0.043918,-0.019795,0.014277,-0.015927,-0.041176,-0.01613,0.043473,-0.020506,-0.037066
2.7,-0.018535,-0.044315,0.057787,-0.039987,-0.01445,-0.020621,0.004882,-0.00997,0.056116,-0.043427,-0.015535,-0.018422,0.030905,-0.036563,-0.031989,-0.019464,-0.007316,0.026683,-0.043391,-0.012823,0.068161,-0.043453,-0.019962,0.016049,-0.013797,-0.041814,-0.016468,0.045522,-0.020421,-0.036083
2.71,-0.016565,-0.044223,0.059395,-0.039221,-0.014723,-0.020551,0.006443,-0.012611,0.053205,-0.043705,-0.014876,-0.018585,0.032985,-0.037751,-0.03078,-0.019139,-0.006221,0.023072,-0.043448,-0.013122,0.068349,-0.043019,-0.020025,0.017908,-0.011615,-0.042474,-0.016698,0.047572,-0.020245,-0.035097
2.72,-0.014572,-0.044168,0.06093,-0.038472,-0.014959,-0.020367,0.008152,-0.015162,0.050158,-0.044017,-0.014068,-0.018674,0.035141,-0.038909,-0.029575,-0.018665,-0.00496,0.019528,-0.043543,-0.013385,0.068338,-0.042612,-0.01999,0.0199,-0.009413,-0.043131,-0.016876,0.049613,-0.01994,-0.034125
2.73,-0.012474,-0.044006,0.062329,-0.03763,-0.015262,-0.020203,0.009871,-0.017519,0.046981,-0.044209,-0.013229,-0.018813,0.03726,-0.03991,-0.028277,-0.018192,-0.003668,0.016101,-0.043538,-0.013717,0.068064,-0.042114,-0.019991,0.021891,-0.007112,-0.043638,-0.017116,0.051558,-0.019643,-0.033055
2.74,-0.010249,-0.043739,0.063534,-0.03668,-0.015631,-0.020173,0.011512,-0.019783,0.043646,-0.044295,-0.012533,-0.019057,0.039312,-0.040801,-0.026854,-0.017859,-0.0025,0.012709,-0.043438,-0.014118,0.067463,-0.041493,-0.020116,0.023817,-0.004682,-0.044047,-0.017435,0.053381,-0.019493,-0.031865
2.74,-0.00795,-0.043494,0.064517,-0.035718,-0.015913,-0.020047,0.013177,-0.022035,0.040158,-0.044415,-0.011768,-0.019203,0.041317,-0.041702,-0.025396,-0.017444,-0.001278,0.009317,-0.04337,-0.014422,0.066514,-0.04088,-0.020142,0.025742,-0.002191,-0.044477,-0.017662,0.055083,-0.019256,-0.030648
2.75,-0.005634,-0.043296,0.065323,-0.034794,-0.016098,-0.019733,0.014962,-0.024211,0.036639,-0.044569,-0.010797,-0.019209,0.043338,-0.0426,-0.02395,-0.01682,0.000126,0.006016,-0.043349,-0.01464,0.065302,-0.040308,-0.020003,0.027741,0.000328,-0.044938,-0.017773,0.056725,-0.018817,-0.029459
2.76,-0.003237,-0.043029,0.065993,-0.0338,-0.016321,-0.019461,0.016843,-0.026259,0.03314,-0.044638,-0.009813,-0.019262,0.045437,-0.043391,-0.022423,-0.016219,0.001587,0.002832,-0.043271,-0.014905,0.063896,-0.03966,-0.019912,0.029839,0.002919,-0.045307,-0.017931,0.058373,-0.018415,-0.0282
2.77,-0.000708,-0.042625,0.066424,-0.032678,-0.016598,-0.019248,0.018675,-0.028129,0.029678,-0.044571,-0.008889,-0.019369,0.047458,-0.044019,-0.020766,-0.01567,0.002995,-0.000193,-0.043065,-0.015223,0.062279,-0.038881,-0.019878,0.031876,0.005631,-0.045526,-0.018148,0.059868,-0.018075,-0.026806
2.78,0.00189,-0.042211,0.066536,-0.031515,-0.016865,-0.019002,0.020454,-0.029951,0.026196,-0.044488,-0.007944,-0.019456,0.049337,-0.044616,-0.019054,-0.015096,0.004397,-0.003165,-0.042847,-0.015528,0.060395,-0.038074,-0.01982,0.033821,0.008415,-0.045728,-0.01834,0.061124,-0.017696,-0.02537
2.78,0.004537,-0.041857,0.066371,-0.030369,-0.017068,-0.018678,0.022316,-0.031865,0.022607,-0.044501,-0.006912,-0.019474,0.051187,-0.045314,-0.017326,-0.014435,0.005889,-0.006209,-0.042724,-0.015768,0.058245,-0.037295,-0.019691,0.035812,0.011234,-0.046029,-0.018467,0.062193,-0.017248,-0.023936
2.79,0.007235,-0.041473,0.065999,-0.029183,-0.017184,-0.018247,0.024244,-0.033636,0.019129,-0.044471,-0.005765,-0.019393,0.052998,-0.045911,-0.015542,-0.01366,0.007486,-0.009086,-0.042574,-0.015931,0.055961,-0.036478,-0.019456,0.037832,0.014089,-0.046254,-0.018501,0.063114,-0.016678,-0.02246
2.8,0.010018,-0.040941,0.065422,-0.027856,-0.017352,-0.017831,0.026189,-0.035149,0.015818,-0.044271,-0.004606,-0.019355,0.054731,-0.046281,-0.013637,-0.01289,0.009103,-0.011701,-0.042276,-0.016156,0.053576,-0.035521,-0.019259,0.039845,0.017003,-0.046271,-0.018586,0.063876,-0.016132,-0.020862
2.81,0.01284,-0.040344,0.06458,-0.026465,-0.017599,-0.0175,0.028103,-0.036611,0.012526,-0.044039,-0.0035,-0.019403,0.056317,-0.046606,-0.011667,-0.012195,0.010689,-0.014282,-0.041929,-0.016447,0.051016,-0.034498,-0.019147,0.041804,0.019922,-0.046251,-0.018756,0.064433,-0.015654,-0.019208
2.82,0.015748,-0.039815,0.063424,-0.025068,-0.017754,-0.01705,0.03,-0.038153,0.009137,-0.043914,-0.002311,-0.019337,0.057703,-0.047026,-0.009632,-0.011385,0.012321,-0.016929,-0.041679,-0.016656,0.0482,-0.033505,-0.018906,0.043695,0.022892,-0.046329,-0.01882,0.064733,-0.015067,-0.017512
2.82,0.018648,-0.039292,0.062036,-0.023649,-0.017823,-0.016502,0.031881,-0.039585,0.005846,-0.043803,-0.00104,-0.019186,0.058913,-0.047404,-0.007575,-0.010485,0.013991,-0.019451,-0.041444,-0.016782,0.045264,-0.032506,-0.018579,0.045521,0.025817,-0.046396,-0.018796,0.064833,-0.014381,-0.015808
2.83,0.021586,-0.038618,0.0605,-0.022126,-0.017921,-0.015992,0.033828,-0.040833,0.002705,-0.043546,0.000248,-0.019068,0.06007,-0.047605,-0.005418,-0.009604,0.015715,-0.021795,-0.041062,-0.016933,0.042276,-0.031382,-0.018291,0.047391,0.028744,-0.046303,-0.018808,0.064829,-0.013724,-0.014001
2.84,0.024572,-0.03786,0.05878,-0.020487,-0.018036,-0.015449,0.035775,-0.041915,-0.000287,-0.04322,0.001577,-0.018942,0.061111,-0.047691,-0.003148,-0.008682,0.017476,-0.023966,-0.040598,-0.017111,0.039243,-0.030158,-0.01798,0.04922,0.031688,-0.046114,-0.018822,0.06466,-0.013038,-0.012085
2.85,0.027566,-0.037153,0.056802,-0.018858,-0.018166,-0.01486,0.037661,-0.043022,-0.003256,-0.042969,0.002955,-0.018804,0.061952,-0.047844,-0.000841,-0.007701,0.019241,-0.02612,-0.040209,-0.017309,0.036083,-0.028948,-0.017635,0.050921,0.034627,-0.045995,-0.01884,0.064218,-0.012294,-0.010158
2.86,0.030586,-0.036455,0.054542,-0.017215,-0.018227,-0.014253,0.03951,-0.044191,-0.006313,-0.042775,0.004341,-0.01862,0.062616,-0.048057,0.001515,-0.006715,0.020998,-0.028342,-0.039851,-0.017433,0.03273,-0.027739,-0.017259,0.052526,0.037577,-0.045929,-0.018799,0.06348,-0.011535,-0.008193
2.86,0.033604,-0.03565,0.052159,-0.015469,-0.018194,-0.013579,0.041298,-0.045186,-0.00919,-0.04248,0.005742,-0.018358,0.063124,-0.048139,0.003953,-0.005686,0.022742,-0.030371,-0.039395,-0.01746,0.029414,-0.026427,-0.016806,0.054008,0.040497,-0.045746,-0.018669,0.062516,-0.010725,-0.006142
2.87,0.036641,-0.034725,0.049719,-0.013609,-0.018226,-0.012881,0.043124,-0.045984,-0.011839,-0.042072,0.007232,-0.018127,0.063533,-0.048068,0.006507,-0.004595,0.024562,-0.032177,-0.03882,-0.017563,0.026184,-0.024988,-0.016357,0.055447,0.043395,-0.045435,-0.01859,0.061382,-0.009874,-0.003973
2.88,0.039624,-0.033818,0.047174,-0.011743,-0.018286,-0.012177,0.044968,-0.046769,-0.01444,-0.041696,0.008772,-0.017901,0.063787,-0.048024,0.009088,-0.003471,0.026438,-0.033939,-0.038281,-0.017702,0.022945,-0.023548,-0.015907,0.056793,0.0462,-0.045166,-0.018532,0.060042,-0.009004,-0.001784
2.89,0.042554,-0.03294,0.044428,-0.009862,-0.01825,-0.011372,0.046705,-0.047605,-0.017073,-0.041388,0.010336,-0.017575,0.063771,-0.048047,0.011716,-0.002285,0.028266,-0.035738,-0.037786,-0.017749,0.019616,-0.022114,-0.015358,0.057922,0.048911,-0.044956,-0.018373,0.058415,-0.008051,0.000437
2.9,0.045383,-0.031981,0.041548,-0.0079,-0.018191,-0.010583,0.048306,-0.048355,-0.019598,-0.041021,0.011843,-0.017247,0.063469,-0.047996,0.014416,-0.001128,0.030005,-0.037435,-0.037231,-0.017764,0.016296,-0.020584,-0.014808,0.058809,0.051492,-0.044688,-0.018198,0.056545,-7.12E-03,0.002735
2.9,0.048129,-0.030889,0.038613,-0.005819,-0.018128,-0.009797,0.049903,-0.048962,-0.02198,-0.040535,0.013404,-0.016927,0.062978,-0.047814,0.017216,5.50E-05,0.031789,-0.038981,-0.036541,-0.017768,0.013044,-0.018933,-0.014275,0.059604,0.053945,-0.044307,-0.018026,0.054531,-0.006176,0.005158
2.91,0.050756,-0.029772,0.035698,-0.003706,-0.018036,-0.008893,0.051511,-0.049498,-0.024199,-0.040042,0.015066,-0.016525,0.06234,-0.04759,0.020043,0.001359,0.033648,-0.040399,-0.035839,-0.017766,0.009935,-0.017251,-0.013631,0.060341,0.056237,-0.0439,-0.017797,0.052435,-0.00511,0.007618
2.92,0.053294,-0.02868,0.032689,-0.001583,-0.017965,-0.007938,0.053029,-0.050046,-0.026365,-0.039604,0.016784,-0.016117,0.061451,-0.047401,0.022891,0.002727,0.035519,-0.041785,-0.035188,-0.017791,0.006843,-0.015569,-0.012961,0.060931,0.058376,-0.043543,-0.017576,0.050141,-0.00398,0.010109
2.93,0.055748,-0.027528,0.029529,0.000605,-0.017834,-0.00701,0.054358,-0.05057,-0.028536,-0.039153,0.018441,-0.015683,0.060257,-0.047186,0.025797,0.004051,0.037289,-0.043171,-0.034484,-0.017741,0.003706,-0.013827,-0.012297,0.061302,0.060382,-0.043169,-0.017317,0.047593,-0.002888,0.012676
2.94,0.058092,-0.02625,0.026345,0.0029,-0.017633,-0.006074,0.055501,-0.050991,-0.0306,-0.038595,0.020025,-0.015209,0.058839,-0.046862,0.028771,0.005348,0.038946,-0.044433,-0.033664,-0.017616,0.000648,-0.011964,-0.011598,0.061481,0.062245,-0.04269,-0.016991,0.044905,-0.001801,0.015352
2.94,0.060262,-0.024909,0.023217,0.00526,-0.017489,-0.005073,0.056599,-0.051298,-0.032514,-0.038017,0.021712,-0.014727,0.057302,-0.046483,0.031791,0.00674,0.040673,-0.04555,-0.032804,-0.017561,-0.002268,-0.010044,-0.010872,0.061579,0.063937,-0.042178,-0.016694,0.042176,-0.000631,0.018096
2.95,0.062197,-0.023593,0.020136,0.007608,-0.017322,-0.003972,0.057644,-0.051563,-0.034338,-0.037477,0.023514,-0.014195,0.055638,-0.046119,0.034812,0.008257,0.042466,-0.046587,-0.031982,-0.017493,-0.005077,-0.008143,-0.01007,0.061581,0.065418,-0.04168,-0.016362,0.039409,0.000647,0.020847
2.96,0.063899,-0.022218,0.017019,0.010025,-0.017064,-0.002841,0.058492,-0.051802,-0.03613,-0.036928,0.025269,-0.013581,0.053753,-0.045737,0.037886,0.009764,0.044152,-0.047575,-0.031123,-0.017333,-0.007859,-0.006169,-0.009214,0.061358,0.066671,-0.041186,-0.015943,0.036526,0.001945,0.023677
2.97,0.065379,-0.020719,0.013846,0.012532,-0.016814,-0.00176,0.059075,-0.051976,-0.037872,-0.036306,0.026914,-0.013003,0.051614,-0.0453,0.040999,0.011208,0.045668,-0.048498,-0.030158,-0.01718,-0.010632,-0.004089,-0.008392,0.060837,0.067697,-0.040617,-0.015545,0.033511,0.003191,0.026579
2.98,0.066622,-0.019168,0.010714,0.015082,-0.016556,-0.000653,0.059493,-0.052074,-0.039519,-0.035642,0.028568,-0.012404,0.049317,-0.044808,0.044101,0.012673,0.047126,-0.049335,-0.029144,-0.017013,-0.01332,-0.001954,-0.007551,0.060104,0.068491,-0.040017,-0.015141,0.03046,0.004463,0.029511
2.98,0.067619,-0.017597,0.007716,0.01765,-0.01626,0.000553,0.059848,-0.052129,-0.041034,-0.035007,0.030316,-0.011729,0.046981,-0.044328,0.047139,0.014251,0.048617,-0.050093,-0.028141,-0.01682,-0.015841,0.000201,-6.62E-03,0.059242,0.069033,-0.039436,-0.014668,0.02749,0.005838,0.032445
2.99,0.068387,-0.01599,0.004774,0.020247,-0.015947,0.001835,0.060075,-0.052136,-0.042449,-0.034357,0.032116,-0.011011,0.044546,-0.043827,0.050066,0.015904,0.050082,-0.050798,-0.02711,-0.016628,-0.018273,0.002394,-0.005627,0.058174,0.069329,-0.038849,-0.014181,0.024525,0.007307,0.035374
3,0.068959,-0.014286,0.001823,0.022888,-0.015568,0.003114,0.060043,-0.052066,-0.043795,-0.03363,0.033814,-0.010257,0.041942,-0.043263,0.05287,0.017512,0.051364,-0.051456,-0.025985,-0.016365,-0.020663,0.004664,-0.004619,0.056813,0.06938,-0.038203,-0.013633,0.021498,0.008741,0.038313
3.01,0.069345,-0.012484,-0.001131,0.025615,-0.015174,0.004351,0.059773,-0.051963,-0.045098,-0.032855,0.035424,-0.009501,0.039197,-0.042656,0.055593,0.019049,0.052484,-0.052092,-0.024783,-0.016074,-0.02303,0.007031,-0.003632,0.055206,0.06917,-0.037511,-0.013084,0.018422,0.010132,0.0413
3.02,0.069494,-0.010683,-0.003991,0.02834,-0.014813,0.005631,0.059374,-0.051844,-0.0463,-0.032112,0.037079,-0.008751,0.036411,-0.042075,0.058175,0.020647,0.053563,-0.052666,-0.023595,-0.015829,-0.02528,0.009401,-0.002622,0.053466,0.068683,-0.036856,-0.012555,0.015393,0.011576,0.04427
3.02,0.069386,-0.008871,-0.006689,0.031058,-0.014386,0.007028,0.05886,-0.051653,-0.047356,-3.14E-02,0.038788,-0.0079,0.033655,-0.041459,0.060585,0.022341,0.054598,-0.053128,-0.022395,-0.015531,-0.027354,0.011766,-0.0015,0.05166,0.067938,-0.036189,-0.011945,1.25E-02,0.013131,0.047209
3.03,0.069022,-0.006943,-0.009327,0.033856,-0.013881,0.008467,0.058167,-0.05139,-0.048331,-0.030497,0.040475,-0.006981,0.030838,-0.040769,0.062813,0.024038,0.055505,-0.053489,-0.021077,-0.01516,-0.029345,0.014232,-0.000322,0.049715,0.066959,-0.035433,-0.011262,0.009595,0.014712,0.050159
3.04,0.068426,-0.00493,-0.011986,0.036729,-0.013391,0.009856,0.057217,-0.051092,-0.049293,-0.029602,0.042068,-6.10E-03,0.027883,-0.040056,0.064797,0.025677,0.056214,-0.053809,-0.019674,-0.014782,-0.031333,0.016758,0.000815,0.047561,0.065787,-0.034648,-0.010601,0.006635,0.016249,0.053072
3.05,0.067591,-0.002915,-0.014572,0.039602,-0.012882,0.011244,0.056058,-0.050771,-0.050211,-0.028727,0.043559,-0.0052,0.024885,-0.039357,0.066474,0.027267,0.056725,-0.054087,-0.01828,-0.014398,-0.033252,0.019283,0.001964,0.045264,0.064433,-0.033888,-0.009925,0.003705,0.017753,0.055859
3.06,0.066511,-0.000875,-0.017041,0.042463,-0.012351,0.012702,0.05478,-0.050404,-0.051057,-0.027838,0.045059,-0.00424,0.02192,-0.038642,0.067853,0.028912,0.057155,-0.054289,-0.016848,-0.014003,-0.03506,0.021803,0.003187,0.0429,0.062872,-0.03312,-0.009211,0.000862,0.019339,0.058505
3.06,0.065228,0.001242,-0.019397,0.045319,-0.011786,0.014235,0.053398,-0.049951,-0.051808,-0.02688,0.046564,-0.003235,0.018985,-0.037869,0.069008,0.030626,0.057499,-0.054399,-0.015332,-0.013577,-0.036762,0.024374,0.004466,0.040479,0.061165,-0.032286,-0.008452,-0.001897,0.020989,0.061008
3.07,0.063758,0.003456,-0.021668,0.04818,-0.011139,0.015772,0.051821,-0.04943,-0.052474,-0.025848,0.047931,-0.002166,0.016042,-0.037044,0.069961,0.032294,0.057644,-0.054435,-0.013707,-0.013063,-0.038384,0.02701,0.005784,0.037933,0.059326,-0.031392,-0.007616,-0.004611,0.022629,0.063375
3.08,0.062116,0.005688,-0.023928,0.050978,-0.010471,0.017283,0.050042,-0.048899,-0.05311,-0.024813,0.049142,-0.001096,0.013047,-0.036225,0.070658,0.033881,0.057578,-0.054459,-0.012061,-0.012527,-0.039988,0.029649,0.007095,0.035248,0.057369,-0.030507,-0.006773,-0.007338,0.024221,0.065517
3.09,0.060302,0.007925,-0.026168,0.053718,-0.00985,0.018793,0.048105,-0.048369,-0.053697,-0.023788,0.050266,-4.40E-05,0.010029,-0.035417,0.071068,0.035475,0.057365,-0.054479,-0.010397,-0.012048,-0.041563,0.03228,0.008403,0.032462,0.05529,-0.02964,-5.96E-03,-0.010057,0.025813,0.067383
3.1,0.058355,0.010225,-0.028242,0.056426,-0.009179,0.020356,0.046095,-0.047767,-0.054156,-0.02271,0.051309,0.001074,0.007133,-0.034565,0.0712,0.03707,0.057028,-0.054401,-0.008659,-0.011515,-0.042979,0.034938,0.009766,0.029699,0.053116,-0.028731,-0.005092,-0.012618,0.027444,0.068927
3.1,0.05631,0.012609,-0.030209,0.059076,-0.008417,0.021955,0.043981,-0.047072,-0.054481,-0.021542,0.052259,0.002265,0.004301,-0.033634,0.071075,0.038661,0.056545,-0.054215,-0.006814,-0.0109,-0.044269,0.03765,0.011201,0.026921,0.050872,-0.027745,-0.004138,-0.01509,0.029095,0.07015
3.11,0.054181,0.015028,-0.032172,0.061552,-0.007626,0.023558,0.041721,-0.046355,-0.054795,-0.020339,0.053092,0.003476,0.00145,-0.032685,0.070682,0.040212,0.055874,-0.053992,-0.004914,-0.010254,-0.045531,0.040354,0.012645,0.024071,0.048589,-0.026739,-0.003156,-0.017554,0.030729,0.071045
3.12,0.051938,0.017465,-0.034115,0.06379,-0.006814,0.025133,0.039327,-0.045643,-0.055104,-0.019146,0.053779,0.004701,-0.001396,-0.031757,0.070006,0.041673,0.055,-0.05375,-0.002996,-0.00958,-0.046767,0.043035,0.014092,0.021163,0.046242,-0.025756,-0.002151,-0.02,0.032318,0.071642
3.13,0.049654,0.019888,-0.035935,0.065745,-0.006054,0.026672,0.036874,-0.044904,-0.055338,-0.017937,0.05436,0.005896,-0.004138,-0.030826,0.069084,0.043062,0.053969,-0.053451,-0.001064,-0.008965,-0.047898,0.045649,0.015513,0.018292,0.043897,-0.024776,-0.001184,-0.022319,0.033855,0.071958
3.14,0.047298,0.022424,-0.037676,0.067513,-0.005239,0.028257,0.034349,-0.044064,-0.05547,-0.016617,0.054876,0.007148,-0.006826,-2.98E-02,0.06794,0.044443,0.052792,-0.053045,0.001,-0.008298,-0.048939,0.048295,0.016982,0.01541,0.041532,-0.023701,-0.000166,-0.024568,0.035426,0.072025
3.14,0.044916,0.025013,-0.039329,0.069094,-0.00428,0.029857,0.031781,-0.043164,-0.055538,-0.015221,0.055283,0.008502,-0.009425,-0.028726,0.066623,0.045759,0.051472,-0.052577,0.003152,-0.007478,-0.049912,0.050917,0.018523,1.26E-02,0.039182,-0.022563,0.000987,-0.026723,0.036979,0.071824
3.15,0.042533,0.027586,-0.040902,0.070454,-0.003323,0.031462,0.029152,-0.042279,-0.055597,-0.013834,0.055547,0.009864,-0.011973,-0.027688,0.065134,0.047012,0.049987,-0.052122,0.005299,-0.006665,-0.050833,0.053467,0.020075,0.00974,0.036844,-0.021458,0.002145,-0.028815,0.038509,0.07133
3.16,0.040092,0.030162,-0.042418,0.071568,-0.002424,0.033012,0.026427,-0.04138,-0.055614,-0.012442,0.05564,0.011189,-0.014503,-0.026657,0.063445,0.048167,0.048325,-0.051628,0.007468,-0.005916,-0.051705,0.055956,0.021583,0.006879,0.03448,-0.02036,0.00325,-0.030873,0.03997,0.070524
3.17,0.037648,0.032748,-0.043802,0.072382,-0.001489,0.034491,0.023692,-0.040412,-0.055546,-0.010958,0.055541,0.012504,-0.016927,-0.02556,0.061607,0.049186,0.046527,-0.051068,0.009708,-0.005125,-0.05247,0.058379,0.023051,0.004091,0.032121,-0.019185,0.004375,-0.032806,0.041331,0.069476
3.18,0.035231,0.035376,-0.0451,0.072869,-0.000477,0.035998,0.020939,-0.039376,-0.055389,-0.009383,0.055302,0.013889,-0.019287,-0.024408,0.059667,0.050153,0.044618,-0.050427,0.012044,-0.004247,-0.053145,0.060756,0.024579,0.001336,0.029793,-0.017935,0.005578,-0.034657,0.042685,0.068254
3.18,0.03283,0.037979,-0.046331,0.072983,0.000617,0.037551,0.018185,-0.038336,-0.055196,-0.007779,0.054934,0.015369,-0.021585,-0.023263,0.05762,0.051084,0.04262,-0.049768,0.014414,-0.003294,-0.053761,0.063032,0.026179,-0.001381,0.02751,-0.01668,0.006865,-0.036443,0.044053,0.066855
3.19,0.030424,0.040514,-0.047487,0.072674,0.001715,0.039032,0.015453,-0.03729,-0.054946,-0.006162,0.0544,0.016821,-0.023797,-0.022126,0.055434,0.051887,0.040534,-0.049087,0.016787,-0.002332,-0.054316,0.065106,0.027731,-0.004021,0.025223,-0.015425,0.008158,-0.038134,0.045325,0.065245
3.2,0.028015,0.042972,-0.048582,0.072014,0.002736,0.040406,0.012686,-0.03619,-0.054617,-0.004491,0.053648,0.018201,-0.025969,-0.020952,0.053152,0.05253,0.03831,-0.048329,0.019183,-0.001445,-0.054798,0.066937,0.0292,-0.00664,0.022938,-0.014135,0.009366,-0.03975,0.046466,0.063452
3.21,0.025653,0.045422,-0.049643,0.071096,0.00382,0.041734,0.009873,-0.03503,-0.054236,-0.00273,0.052703,0.019616,-0.028126,-0.019725,0.050816,0.053043,0.035948,-0.047505,0.021648,-0.00049,-0.055248,0.068557,0.030668,-0.009267,0.020706,-0.012762,0.010629,-0.04134,0.047531,0.061521
3.22,0.023379,0.047862,-0.050639,0.06996,0.005037,0.043052,0.007155,-0.033855,-0.053815,-0.000908,0.051659,0.021113,-0.030173,-0.01848,0.048474,0.053482,0.033578,-0.046656,0.024169,0.000601,-0.055656,0.069961,0.032177,-0.011771,0.018561,-0.011358,0.012003,-0.042831,0.048558,0.059488
3.22,0.021134,0.050269,-0.051534,0.068572,0.006252,0.044371,0.004504,-0.032667,-0.053347,0.000944,0.050532,0.022637,-0.032106,-0.017233,0.046066,0.053863,0.03119,-0.045767,0.026692,0.001682,-0.056001,0.071118,0.033709,-0.014179,0.016448,-0.009934,0.013394,-0.044217,0.049567,0.057317
3.23,0.018886,0.052591,-0.052348,0.066934,0.007425,0.045565,0.001865,-0.031437,-0.052799,0.002823,0.049237,0.024111,-0.03395,-0.015954,0.043581,0.054075,0.028713,-0.044809,0.029189,0.002722,-0.056264,0.071982,0.035172,-0.016521,0.014337,-0.008481,0.014736,-0.045514,0.050434,0.05501
3.24,0.016667,0.054887,-0.053147,0.065098,0.008621,0.046591,-0.000796,-0.030169,-0.052218,0.004784,0.047737,0.02553,-0.035773,-0.014627,0.041037,0.054059,0.026123,-0.043802,0.031726,0.003808,-0.056503,0.072571,0.036526,-0.018865,0.012252,-0.006965,0.016075,-0.046801,0.051105,0.052603
3.25,0.014561,0.057113,-0.053915,0.063172,0.009852,0.047571,-0.003437,-0.028917,-0.051629,0.006792,0.046145,0.026972,-0.037541,-0.013304,0.03854,0.053925,0.023499,-0.042804,0.034286,0.004934,-0.056723,0.072881,0.037882,-0.021171,0.010281,-0.005421,0.017444,-0.048064,0.051697,0.050213
3.26,0.012491,0.059215,-0.05459,0.061122,0.011168,0.048551,-0.005969,-0.027627,-0.050966,0.00886,0.044505,0.028496,-0.039163,-0.011938,0.036019,0.053713,0.020913,-0.041736,0.036856,0.00613,-0.056844,0.072882,0.039302,-0.023338,0.008352,-0.003827,0.018892,-0.049216,0.052257,0.047779
3.26,0.010408,0.061131,-0.055138,5.89E-02,0.012499,0.049434,-0.008376,-0.026265,-0.050187,0.010997,0.042789,0.029997,-0.040607,-0.010506,0.033423,0.053356,0.01838,-0.040561,0.039421,0.00735,-0.056812,0.072517,0.040665,-0.025358,0.006415,-0.002167,0.020355,-0.050221,0.052688,0.045253
3.27,0.008367,0.062859,-0.05566,0.056571,0.013768,0.05016,-0.010812,-0.024904,-0.049388,0.013145,0.040909,0.031409,-0.042045,-0.009077,0.030829,0.052777,0.015759,-0.039373,0.041918,0.008518,-0.056739,0.071822,0.041912,-0.027382,0.004521,-0.000487,0.021735,-0.051212,0.052934,0.042702
3.28,0.00639,0.064494,-0.056213,0.054165,0.015072,0.050751,-0.013316,-0.023561,-0.048614,0.015353,0.038843,0.032794,-0.043513,-0.007631,0.028271,0.051989,0.013039,-0.0382,0.04441,0.009725,-0.056676,0.07084,0.043094,-0.029451,0.002688,0.001228,0.023132,-0.052234,0.053009,0.040148
3.29,0.00449,0.06602,-0.056655,0.051706,0.016439,0.051273,-0.015659,-0.022194,-0.047791,0.017611,0.036761,0.034199,-0.044857,-0.006153,0.025758,0.051103,0.010427,-0.03698,0.046832,0.011006,-0.056526,0.069584,0.044244,-0.031364,0.00093,0.002992,0.024572,-0.053132,0.05299,0.037601
3.3,0.002602,0.067423,-0.056934,0.049179,0.017809,0.05176,-0.017869,-0.020747,-0.046845,0.019922,0.034676,0.035615,-0.04607,-0.004601,0.023251,0.050164,0.007901,-0.035659,0.049167,0.012287,-0.056236,0.068028,0.045394,-0.033127,-0.000816,0.004824,0.026027,-0.053856,0.052922,0.035022
3.3,0.000723,0.068669,-0.057145,0.046583,0.019177,0.052116,-0.020054,-0.019273,-0.045845,0.022284,0.032483,0.036981,-0.047236,-0.003013,0.020738,0.04907,0.005364,-0.034299,0.0514,0.013563,-0.055884,0.066173,0.046452,-0.034832,-0.002562,0.006714,0.027457,-0.054508,0.052701,0.032412
3.31,-0.001083,0.069727,-0.057387,0.043977,0.020555,0.052255,-0.022261,-0.017822,-0.044875,0.024664,0.030131,0.038262,-0.04844,-0.001424,0.018292,0.047758,0.002759,-0.032969,0.053536,0.014876,-0.055587,0.064076,0.047352,-0.036565,-0.00425,0.008622,0.028852,-0.055197,0.052247,0.029822
3.32,-0.002802,0.070552,-0.057617,0.041399,0.021923,0.052281,-0.024445,-0.016398,-0.043904,0.027059,0.027716,0.039504,-0.049622,0.000167,0.015924,0.046344,0.000156,-0.031657,0.055582,0.016192,-0.055292,0.061816,0.048175,-0.038278,-0.005862,0.01055,0.030237,-0.055854,0.051663,0.027298
3.33,-0.004526,0.071101,-0.057692,0.038776,0.023312,0.052241,-0.026474,-0.014886,-0.042799,0.029517,0.025342,0.040743,-0.050623,0.001842,0.013571,0.044884,-0.002332,-0.030247,0.057574,0.017514,-0.05486,5.94E-02,0.048961,-0.03982,-0.007489,0.01257,0.031627,-0.056353,0.051013,0.024753
3.34,-0.006225,0.071333,-0.057626,0.036145,0.02471,0.052078,-0.028326,-0.013319,-0.041582,0.031992,0.023011,0.041935,-0.051451,0.003582,0.011259,0.043364,-0.004673,-0.028753,0.059486,0.01886,-0.05431,0.056917,0.049649,-0.041203,-0.009106,0.014647,0.033004,-0.056696,0.050254,0.022236
3.34,-0.007858,0.07125,-0.057591,0.033497,0.026117,0.051744,-0.030239,-0.011778,-0.04038,0.034489,0.020547,0.043071,-0.052307,0.005328,0.009003,0.041656,-0.00711,-2.73E-02,0.061323,0.020232,-0.053782,0.054357,0.050217,-0.042642,-0.010668,0.016755,0.034363,-0.057078,0.049311,0.019744
3.35,-0.009423,0.070853,-0.05758,0.030867,0.027489,0.051239,-0.032184,-0.010291,-0.039212,0.036966,0.017995,0.044107,-0.053195,0.007058,0.006833,0.039795,-0.009585,-0.025879,0.063023,0.021582,-0.053288,0.051753,0.050632,-0.044132,-0.012183,0.018871,0.035656,-0.057473,0.048199,0.017324
3.36,-0.010973,0.070165,-0.057428,0.028236,0.028845,0.050611,-0.033951,-0.008741,-0.037927,0.039444,0.015515,0.045064,-0.053933,0.008844,0.004702,0.037885,-0.011911,-0.024383,0.064536,0.022934,-0.052651,0.049088,0.050927,-0.04545,-0.013683,0.021045,0.036909,-0.057709,0.046989,0.014918
3.37,-0.012512,0.069205,-0.057108,0.02559,0.0302,0.049917,-0.035552,-0.00713,-0.03652,0.041929,0.013103,0.045991,-0.054513,0.010713,0.002598,0.035959,-0.014098,-0.02279,0.065826,0.024277,-0.051868,0.046358,0.051162,-0.046599,-0.015195,0.023295,0.038154,-0.057786,0.045727,0.012534
3.38,-0.013998,0.06799,-0.056763,0.022978,0.031561,0.049101,-0.037166,-0.005511,-0.035109,0.044413,0.010638,0.046859,-0.055102,0.012619,0.000568,0.033928,-0.016298,-0.0212,0.066893,0.025642,-0.051063,0.043599,0.051285,-0.047735,-0.016651,0.025599,0.039381,-0.057854,0.044345,0.010208
3.38,-0.015409,0.066525,-0.056464,0.020437,0.032903,0.04809,-0.038792,-0.003942,-0.033729,0.046813,0.008119,0.047595,-0.055718,0.014513,-0.001367,0.031766,-0.018507,-0.019641,0.067721,0.027029,-0.05029,0.040846,0.051218,-0.04889,-0.018049,0.027897,0.040535,-0.057979,0.042781,0.007965
3.39,-0.016813,0.064797,-0.056102,0.017902,0.034188,0.046954,-0.040341,-0.00237,-0.032317,0.04913,0.005618,0.048219,-0.056257,0.016422,-0.003278,0.029552,-0.020645,-0.018069,0.068323,0.028364,-0.049441,0.038075,0.051015,-0.049943,-0.019436,0.030211,0.041612,-0.05803,0.041118,0.005744
3.4,-0.018235,0.062814,-0.055589,0.015377,0.035435,0.045753,-0.04174,-0.000728,-0.030786,0.051378,0.003189,0.048776,-0.056628,0.018406,-0.005179,0.027336,-0.022656,-0.016398,0.06872,0.029662,-0.048439,0.035271,0.050737,-0.050833,-0.020833,0.032573,0.042649,-0.057923,0.039405,0.003534
3.41,-0.019595,0.060632,-0.055024,0.012926,0.036672,0.044456,-0.04306,0.000942,-0.029214,0.053541,0.000816,0.049244,-0.056938,0.020446,-0.00699,0.025107,-0.024568,-0.014686,0.068925,0.030982,-0.047373,0.032504,0.050349,-0.05165,-0.02218,0.034965,0.04364,-0.057745,0.037616,0.001408
3.42,-0.020897,0.058276,-0.054489,0.010567,0.037891,0.04301,-0.044406,0.002584,-0.027672,0.055601,-0.001592,0.049597,-0.057296,0.022499,-0.008711,0.022787,-0.026504,-0.013017,0.06892,0.032312,-0.046334,0.02978,0.049814,-0.05251,-0.023445,0.037355,0.044572,-0.057596,0.035698,-0.000629
3.42,-0.022181,0.055737,-0.05391,0.008241,0.039048,0.041438,-0.04573,0.004205,-0.026134,0.057515,-0.004033,0.049826,-0.057619,0.024554,-0.010398,0.020403,-0.028434,-0.011358,0.068656,0.033591,-0.045264,0.027059,0.049149,-0.053356,-0.024678,0.039698,0.045415,-0.05741,0.033671,-0.002629
3.43,-0.023486,0.053025,-0.053177,0.005897,0.040137,0.03978,-0.046903,0.005876,-0.024478,0.059296,-0.006364,0.049939,-0.057791,0.026654,-0.012101,0.01804,-0.030222,-0.009618,0.068131,0.034821,-0.044059,0.024299,0.048366,-0.054052,-0.02593,0.042024,0.046163,-0.05707,0.031603,-0.004642
3.44,-0.024762,0.050258,-0.052341,0.003637,0.041177,0.038082,-0.047951,0.00757,-0.022782,0.060962,-0.00858,0.049958,-0.057845,0.028788,-0.013738,0.015731,-0.03188,-0.007862,0.06742,0.036021,-0.042783,0.021602,0.047497,-0.054632,-0.027144,0.044328,0.046835,-0.056637,0.02953,-0.006588
3.45,-0.025948,0.047463,-0.051508,0.001491,0.042183,0.036272,-0.049026,0.009255,-0.021106,0.062525,-0.010843,0.049874,-0.057907,0.030965,-0.015268,0.013359,-0.033584,-0.006132,0.066538,0.037208,-0.041523,0.019,0.046509,-0.055239,-0.028253,0.046627,0.047446,-0.056221,0.027364,-0.008418
3.46,-0.027097,0.044601,-0.050637,-0.000603,0.043122,0.034332,-0.050082,0.010944,-0.019393,0.063919,-0.013121,0.049644,-0.057935,0.033169,-0.016735,1.09E-02,-0.035299,-0.004388,0.065434,0.03836,-0.040229,0.016434,0.045365,-0.055813,-0.029323,0.048898,0.047938,-0.055765,0.025098,-0.010195
3.46,-0.028279,0.041677,-0.049657,-0.002706,0.043976,0.032347,-0.050983,0.012642,-0.017628,0.065083,-0.015275,0.049289,-0.057835,0.035365,-0.018236,0.00855,-0.036887,-0.002628,0.064075,0.039444,-0.038837,0.013857,0.044116,-0.05626,-0.030428,0.051094,0.048324,-0.055198,0.022833,-0.011987
3.47,-0.029449,0.038715,-0.048596,-0.004778,0.044772,0.030339,-0.051778,0.01436,-0.015817,0.066017,-0.017347,0.048847,-0.057642,0.037574,-0.019704,0.006222,-0.038394,-0.000852,0.062468,0.040475,-0.037367,0.011316,0.0428,-0.056601,-0.031527,0.053225,0.048629,-0.054531,0.020584,-0.013751
3.48,-0.030521,0.035787,-0.047521,-0.006726,0.045498,0.028259,-0.052554,0.016081,-0.013998,0.066744,-0.019406,0.048284,-0.057438,0.0398,-0.021064,0.003873,-0.039889,0.000912,0.060655,0.041454,-0.035866,0.008877,0.041376,-0.056937,-0.032545,0.055289,0.048824,-0.05385,0.018292,-0.015397
3.49,-0.031534,0.032904,-0.046427,-0.008579,0.046132,0.026084,-0.053316,0.0178,-0.012178,0.067272,-0.021457,0.047563,-0.057215,0.042033,-0.022342,0.001506,-0.041372,0.002662,0.058666,0.042375,-0.034343,0.006543,0.039807,-0.057258,-0.033521,0.057262,0.04889,-0.053156,0.015936,-0.016957
3.5,-0.03257,0.029986,-0.045251,-0.010432,0.046685,0.023866,-0.053986,0.019555,-0.010301,0.067567,-0.023458,0.046733,-0.056895,0.044257,-0.023631,-0.000849,-0.042772,0.004439,0.056459,0.043232,-0.032724,0.004206,0.038157,-0.057488,-0.034535,0.059111,0.048851,-0.05237,0.013574,-0.018519
3.5,-0.033605,0.027052,-0.043973,-0.012264,0.047154,0.021685,-0.054525,0.021306,-0.00839,0.067626,-0.025339,0.045827,-0.056469,0.046426,-0.024911,-0.003114,-0.044031,0.006214,0.05406,0.044012,-0.031019,0.001883,0.036472,-0.057595,-0.035557,0.060792,0.04872,-0.051478,0.011277,-0.020066
3.51,-0.034582,0.024165,-0.042653,-0.01401,0.047531,0.019473,-0.055021,0.023037,-0.006487,0.067496,-0.027161,0.044803,-0.056006,0.04856,-0.026122,-0.005341,-0.045209,0.007956,0.051539,0.044732,-0.029277,-0.000354,0.034699,-0.057641,-0.036533,0.06234,0.048473,-0.050556,0.008978,-0.021526
3.52,-0.035488,0.02137,-0.041324,-0.015643,0.04779,0.017183,-0.055537,0.024784,-0.004592,0.067192,-0.028999,0.043642,-0.055559,0.050682,-0.027234,-0.007609,-0.046381,0.009687,0.048943,0.04537,-0.027516,-0.002477,0.032812,-0.057695,-0.037449,0.063756,0.048088,-0.049641,0.006624,-0.022883
3.53,-0.036384,0.01863,-0.03991,-0.017229,0.047929,0.014878,-0.056017,0.026563,-0.002666,0.066681,-0.030789,0.042373,-0.055057,0.052775,-0.028314,-0.009848,-0.047484,0.011435,0.046269,0.045893,-0.025688,-0.004539,0.030863,-0.057681,-0.038354,0.065016,0.047576,-0.048656,0.004284,-0.024195
3.54,-0.037302,0.015885,-0.038371,-0.018819,0.047977,0.012609,-0.056347,0.028347,-0.0007,0.065927,-0.032446,0.041017,-0.054426,0.054807,-0.029417,-0.011989,-0.048435,0.01319,0.043473,0.046354,-0.023762,-0.006605,0.028882,-0.057528,-0.039273,0.066076,0.046965,-0.047545,0.002003,-0.025509
3.54,-0.038177,0.013188,-0.036778,-0.020365,0.047941,0.010357,-0.056599,0.030108,0.001249,0.064924,-0.034024,0.039587,-0.05374,0.056748,-0.030478,-0.014069,-0.049309,0.014909,0.040592,0.046747,-0.021805,-0.008618,0.02687,-0.057316,-0.040144,0.066896,0.046269,-0.046376,-0.000236,-0.026772
3.55,-0.038968,0.010593,-0.0352,-0.021801,0.047788,0.008067,-0.05685,0.031865,0.003164,0.063699,-0.035606,0.038052,-0.053072,0.058594,-0.031453,-0.016162,-0.050198,0.016604,0.037694,0.04704,-0.019864,-0.010513,0.024791,-0.057132,-0.040932,0.067472,0.045451,-0.045212,-0.002493,-0.027928
3.56,-0.039728,0.008094,-0.033558,-0.023189,0.047487,0.005754,-0.057033,0.033645,0.00508,0.062285,-0.037151,0.036397,-0.052323,0.060322,-0.032396,-0.01823,-0.051044,0.018299,0.034807,0.047195,-0.017885,-0.012329,0.022643,-0.056887,-0.04169,0.067793,0.044487,-0.043969,-0.004752,-0.029036
3.57,-0.040491,0.005608,-0.031783,-0.024578,0.047068,0.003464,-0.057094,0.035456,0.007052,0.060647,-0.038574,0.034647,-0.051417,0.061894,-0.033355,-0.02022,-0.051778,0.020028,0.031861,0.047247,-0.015795,-0.01414,0.020459,-0.056517,-0.042448,0.067845,0.043406,-0.042573,-0.006964,-0.030149
3.58,-0.041206,0.003177,-0.029972,-0.025918,0.046588,0.00125,-0.057095,0.037245,0.008992,0.058817,-0.039908,0.032891,-0.050438,0.063258,-0.03427,-0.02211,-0.05246,0.021728,0.028896,0.047237,-0.013696,-0.015879,0.018317,-0.056072,-0.04316,0.067623,0.04228,-0.041126,-0.009084,-0.031199
3.58,-0.041854,0.000826,-0.028174,-0.027188,0.046016,-0.000967,-0.05711,0.039002,0.010867,0.056846,-0.041227,0.031075,-0.049446,0.064418,-0.035123,-0.023978,-0.053153,0.023379,0.025951,0.047141,-0.011629,-0.017538,0.016146,-0.055608,-0.043802,0.06716,0.041064,-0.039671,-0.01119,-0.032174
3.59,-0.042486,-0.001444,-0.026313,-0.028406,0.045286,-0.003219,-0.057087,0.040766,0.01274,0.054758,-0.042523,0.029136,-0.048386,0.065396,-0.035936,-0.025843,-0.053815,0.025024,0.023034,0.046892,-0.00953,-0.019145,0.013897,-0.055105,-0.044418,0.066474,0.039693,-0.038163,-0.013307,-0.033107
3.6,-0.043105,-0.003652,-0.024361,-0.029585,0.044431,-0.005417,-0.056973,0.042545,0.014629,0.052561,-0.043745,0.027156,-0.047224,0.066189,-0.036724,-0.027632,-0.054401,0.02669,0.020158,0.046513,-0.007376,-0.020692,0.011663,-0.05449,-0.044994,0.065579,0.038233,-0.036543,-0.015358,-0.034004
3.61,-0.043702,-0.005821,-0.022337,-0.030729,0.043492,-0.007574,-0.056762,0.044332,0.01652,0.050215,-0.044893,0.025147,-0.045968,0.066787,-0.03749,-0.029354,-0.054876,0.028368,0.017288,0.046045,-0.005182,-0.022214,0.009438,-0.053795,-0.045527,0.064459,0.036701,-0.034847,-0.017351,-0.034871
3.62,-0.044277,-0.007894,-0.020318,-0.031796,0.042482,-0.009668,-0.05652,0.046051,0.018333,0.047774,-0.045977,0.023136,-0.044699,0.067168,-0.038205,-0.031003,-0.055287,0.029972,0.014495,0.045502,-0.003027,-0.023647,0.007245,-0.053076,-0.04601,0.063141,0.035127,-0.033144,-0.019271,-0.03568
3.62,-0.044822,-0.009914,-0.018269,-0.032809,0.041368,-0.011762,-0.056257,0.047744,0.020117,0.045221,-0.047046,0.021073,-0.043407,0.067325,-0.038872,-0.032639,-0.055659,0.03156,0.011733,0.044847,-0.000871,-0.025042,0.005027,-0.05233,-0.046443,0.061627,0.033467,-0.031394,-0.021184,-0.036451
3.63,-0.045364,-0.011888,-0.01615,-0.033791,0.040117,-0.013851,-0.055915,0.049433,0.021909,0.04258,-0.048055,0.018945,-0.042035,0.067263,-0.03953,-0.034251,-0.055955,0.033164,0.009017,0.04405,0.001318,-0.026403,0.002781,-0.051507,-0.046859,0.059956,0.031697,-0.029563,-0.023076,-0.037215
3.64,-0.045895,-0.013787,-0.013948,-0.034734,0.038758,-0.01587,-0.055478,0.051088,0.0237,0.039903,-0.048944,0.016806,-0.040554,0.066977,-0.040178,-0.035761,-0.056138,0.034757,0.006385,0.043124,0.003538,-0.027714,0.000572,-0.050576,-0.047265,0.058159,0.029863,-0.027631,-0.024882,-0.037953
3.65,-0.046378,-0.015596,-0.011735,-0.035606,0.037344,-0.017825,-0.05501,0.052685,0.025445,0.037201,-0.049766,0.014682,-0.039044,0.066445,-0.040761,-0.037211,-0.056267,0.036316,0.003831,0.042126,0.005731,-0.028951,-0.001596,-0.049603,-0.047605,0.056227,0.028005,-0.025667,-0.026624,-0.038631
3.66,-0.046799,-0.017352,-0.00953,-0.036429,0.035854,-0.019766,-0.054545,0.054216,0.027138,0.034446,-0.050573,0.012537,-0.037518,0.065634,-0.041312,-0.038636,-0.0564,0.037828,0.001339,0.041051,0.007888,-0.030138,-0.003765,-0.048616,-0.04789,0.054139,0.026099,-0.023696,-0.028356,-0.039271
3.66,-0.047209,-0.019057,-0.007291,-0.037239,0.034317,-0.021641,-0.054008,0.055655,0.028793,0.031672,-0.05131,1.04E-02,-0.035919,0.064556,-0.041862,-0.03999,-0.056476,0.039309,-0.001098,0.039897,0.010042,-0.031287,-0.005886,-0.047545,-0.048166,0.051923,0.024177,-0.021661,-0.030019,-0.039901
3.67,-0.047579,-0.020713,-0.004966,-0.038028,0.032651,-0.023464,-0.053345,0.057034,0.030453,0.02887,-0.051954,0.008257,-0.0342,0.06324,-0.042407,-0.041253,-0.05647,0.040781,-0.003475,0.038603,0.012232,-0.032406,-0.007991,-0.046351,-0.048404,0.049587,0.022171,-0.019518,-0.031612,-0.040516
3.68,-0.047868,-0.022285,-0.002628,-0.038742,0.030884,-0.025264,-0.052616,0.058338,0.032082,0.026086,-0.052563,0.006069,-0.032429,0.061736,-0.042881,-0.042468,-0.056437,0.04225,-0.005759,0.037185,0.014404,-0.03344,-0.010093,-0.045111,-0.048569,0.04717,0.020098,-0.017346,-0.033188,-0.041063
3.69,-0.048101,-0.023769,-0.000295,-0.039401,0.029103,-0.027037,-0.051851,0.059522,0.033662,0.023311,-0.053176,0.003902,-0.030629,0.060065,-0.043308,-0.043667,-0.056402,0.043676,-0.007955,0.035729,0.016545,-0.034397,-0.012165,-0.043841,-0.048695,0.044672,0.018032,-0.015154,-0.03474,-0.041551
3.7,-0.048325,-0.025236,0.002067,-0.040058,0.02729,-0.028735,-0.050994,0.060564,0.035189,0.020514,-0.053703,0.001766,-0.028754,0.058224,-0.043733,-0.044789,-0.056282,0.045059,-0.010116,0.034228,0.018666,-0.035338,-0.014179,-0.042499,-0.048833,0.042081,0.015962,-0.012901,-0.036231,-0.042051
3.7,-0.048528,-0.026665,0.004443,-0.040691,0.025429,-0.030332,-0.050019,0.061471,0.036675,0.01771,-0.054133,-0.000324,-0.026798,0.056236,-0.044151,-0.045794,-0.056043,0.046416,-0.012231,0.032645,0.020765,-0.036257,-0.016105,-0.041064,-0.048969,0.039422,0.013891,-0.010598,-0.037604,-0.042533
3.71,-0.048672,-0.028001,0.006827,-0.041259,0.023493,-0.031906,-0.048991,0.062245,0.038135,0.014968,-0.05453,-0.002425,-0.024784,0.054138,-0.044498,-0.046781,-0.055745,0.047752,-0.014232,0.030958,0.022842,-0.037095,-0.018015,-0.039565,-0.04906,0.036747,0.011783,-0.008258,-0.038966,-0.042962
3.72,-0.048763,-0.02925,0.009224,-0.041755,0.021445,-0.033526,-0.047936,0.062881,0.039556,0.012284,-0.054958,-0.004602,-0.022717,0.051923,-0.044804,-0.047806,-0.055447,0.04907,-0.01613,0.02915,0.024886,-0.037856,-0.01998,-0.038027,-0.049095,0.034064,0.009582,-0.005875,-0.04037,-0.043345
3.73,-0.04882,-0.030451,0.011573,-0.042242,0.019444,-0.035044,-0.046835,0.063354,0.040909,0.00963,-0.055306,-0.006685,-0.020624,0.049598,-0.045102,-0.048733,-0.055087,0.05033,-0.017959,0.027364,0.026847,-0.038595,-0.021833,-0.036441,-0.049084,0.03136,0.007455,-0.003498,-0.041672,-0.043714
3.74,-0.048844,-0.031636,0.013927,-0.042715,0.017495,-0.036409,-0.045634,0.063626,0.04222,0.006967,-0.055498,-0.008644,-0.018446,0.047122,-0.045385,-0.049513,-0.054598,0.051528,-0.019759,0.025598,0.028761,-0.039331,-0.023538,-0.034755,-0.049023,0.028587,0.005419,-0.001071,-0.042828,-0.044087
3.74,-0.048819,-0.032764,0.016289,-0.04316,0.015466,-0.037753,-0.044358,0.063713,0.043489,0.004358,-0.055617,-0.010628,-0.016189,0.044556,-0.045641,-0.050241,-0.054047,0.052673,-0.021483,0.023727,0.030627,-0.040018,-0.025243,-0.032984,-0.048884,0.025806,0.003331,0.001408,-0.043945,-0.044424
3.75,-0.04872,-0.03381,0.018626,-0.043536,0.013312,-0.039151,-0.043061,0.063642,0.044732,0.001826,-0.055743,-0.012695,-0.013885,0.041951,-0.045855,-0.050985,-0.053477,0.053789,-0.0231,0.021714,0.032432,-0.040628,-0.027007,-0.031171,-0.048655,0.023058,0.001139,0.003895,-0.045094,-0.044711
3.76,-0.048561,-0.034777,0.020914,-0.043871,0.011164,-0.040479,-0.04174,0.063377,0.045934,-0.00061,-0.055842,-0.014713,-0.011571,0.039318,-0.046029,-0.051682,-0.05288,0.054842,-0.024603,0.019684,0.034157,-0.041185,-0.028712,-0.02933,-0.04837,0.020341,-0.001022,0.006372,-0.046169,-0.044955
3.77,-0.04838,-0.035725,0.023177,-0.044194,0.009138,-0.041645,-0.040324,0.062867,0.047076,-0.003028,-0.055838,-0.016574,-0.009197,0.036612,-0.046195,-0.052242,-0.05216,0.055789,-0.02608,0.017753,0.035808,-0.041719,-0.030267,-0.027397,-0.048064,0.017604,-0.003038,0.008855,-0.047063,-0.045195
3.78,-0.048169,-0.036667,0.025431,-0.044498,0.007131,-0.042701,-0.03877,0.062114,0.048172,-0.005437,-0.055738,-0.018364,-0.006711,0.033833,-0.046349,-0.052703,-0.051299,0.056642,-0.027535,0.015814,0.037419,-0.042259,-0.031727,-0.025333,-0.047728,0.014836,-0.005006,0.011396,-0.047839,-0.045427
3.78,-0.047894,-0.037519,0.027621,-0.044741,0.005005,-0.043783,-0.037203,0.061155,0.049239,-0.007725,-0.055666,-0.020215,-0.004227,0.031093,-0.046446,-0.053211,-0.050442,0.057426,-0.028883,0.013734,0.038957,-0.042717,-0.033242,-0.023248,-0.047355,0.012159,-0.007062,0.013898,-0.048643,-0.045604
3.79,-0.047573,-0.038285,0.029759,-0.044918,0.002799,-0.044923,-0.035608,0.059979,0.050292,-0.009915,-0.055613,-0.022129,-0.001709,0.02836,-0.046485,-0.053774,-0.049596,0.058144,-0.030136,0.011567,0.040448,-0.043111,-0.034817,-0.021132,-0.04692,0.009537,-0.009189,0.016396,-0.049514,-0.045722
3.8,-0.047228,-0.039024,0.031821,-0.045084,0.000718,-0.04593,-0.033916,0.058573,0.051274,-0.012056,-0.055429,-0.02389,0.00085,0.02562,-0.046509,-0.05423,-0.048654,0.058738,-0.031351,0.009498,0.041851,-0.043483,-0.036259,-0.018925,-0.046447,0.006945,-0.011179,0.018873,-0.050283,-0.045828
3.81,-0.046839,-0.039764,0.033817,-0.045251,-0.001241,-0.046762,-0.032086,0.056932,0.052192,-0.014183,-0.055055,-0.02547,0.003496,0.022842,-0.046518,-0.054491,-0.047566,0.059213,-0.032571,0.007522,0.043191,-0.043863,-0.037507,-0.016599,-0.045937,0.004349,-0.013008,0.021361,-0.050883,-0.045923
3.82,-0.046407,-0.040445,0.035723,-0.045378,-0.003242,-0.04762,-0.030221,0.055117,0.053069,-0.016217,-0.054642,-0.027073,0.006153,0.020101,-0.046487,-0.054748,-0.046464,0.05959,-0.033722,0.005491,0.044459,-0.044199,-0.038772,-0.014245,-0.045375,0.001813,-0.014868,0.023803,-0.051509,-0.045968
3.82,-0.045903,-0.041037,0.037541,-0.045454,-0.005392,-0.048591,-0.028344,0.053148,0.053897,-0.018131,-0.054286,-0.028801,0.008819,0.017417,-0.046415,-0.055086,-0.045394,0.059859,-0.03477,0.003302,0.045653,-0.044461,-0.04016,-0.011864,-0.044736,-0.000619,-0.016874,0.026209,-0.052242,-0.04596
3.83,-0.045323,-0.041581,0.039249,-0.045499,-0.007466,-0.04946,-0.026398,0.051028,0.054633,-0.019963,-0.053832,-0.030428,0.011499,0.01477,-0.046302,-0.055313,-0.044244,0.059968,-0.035761,0.001167,0.04675,-0.044689,-0.041418,-0.009436,-0.044025,-0.002993,-0.018784,0.028544,-0.052852,-0.045909
3.84,-0.04469,-0.042138,0.040884,-0.045542,-0.009378,-0.05012,-0.024316,0.048717,0.055275,-0.021797,-0.053221,-0.031856,0.014232,0.012085,-0.046167,-0.055351,-0.042926,0.059876,-0.036758,-0.000826,0.047779,-0.044921,-0.042459,-0.006898,-0.043253,-0.005384,-0.020511,0.030849,-0.053252,-0.045844
3.85,-0.044037,-0.042653,0.042434,-0.045581,-0.011261,-0.05071,-0.022176,0.046306,0.05582,-0.02356,-0.052567,-0.033247,0.016948,0.009444,-0.046017,-0.055342,-0.041543,0.059604,-0.037702,-0.002797,0.048735,-0.045146,-0.043444,-0.004326,-0.042446,-0.007708,-0.022203,0.033085,-0.053582,-0.045777
3.86,-0.043307,-0.043105,0.043872,-0.045568,-0.013232,-0.051367,-0.020018,0.043834,0.056297,-0.025209,-0.051973,-0.034722,0.019619,0.006891,-0.045802,-0.055389,-0.040163,0.059175,-0.038549,-0.004864,0.049616,-0.045302,-0.044503,-0.001748,-0.041564,-0.00992,-0.023978,0.035217,-0.053977,-0.045661
3.86,-0.042482,-0.043475,0.045221,-0.04549,-0.015235,-0.051991,-0.017812,0.041279,0.056687,-0.026773,-0.051349,-0.036205,0.022247,0.004379,-0.045501,-0.055397,-0.038714,0.058566,-0.039317,-0.006981,0.050431,-0.045388,-0.045551,0.000847,-0.040582,-0.012071,-0.025764,0.037252,-0.054343,-0.045475
3.87,-0.041625,-0.043837,0.046478,-0.045406,-0.017089,-0.052466,-0.015495,0.038625,0.05697,-0.028328,-0.050584,-0.037519,0.024838,0.001855,-0.045182,-0.055254,-0.037128,0.057757,-0.040072,-0.008964,0.051178,-0.045467,-0.046454,0.003515,-0.039559,-0.014203,-0.027392,0.039201,-0.05456,-0.045282
3.88,-0.040756,-0.044207,0.047646,-0.045343,-0.018817,-0.052851,-0.013079,0.035929,0.057159,-0.029854,-0.049709,-0.038726,0.027391,-0.000621,-0.044859,-0.054993,-0.035406,0.056777,-0.040816,-0.010825,0.051861,-0.04556,-0.047268,0.006237,-0.038527,-0.016289,-0.028892,0.041055,-0.054692,-0.045109
3.89,-0.039817,-0.044501,0.048722,-0.045229,-0.020612,-0.053297,-0.010642,0.033234,0.057271,-0.031288,-0.048835,-0.039991,0.029849,-0.003016,-0.044479,-0.054757,-0.033671,0.055647,-0.041483,-0.012759,0.0525,-0.045592,-0.048146,0.008948,-0.037429,-0.018268,-0.030446,0.042793,-0.054875,-0.044873
3.9,-0.038778,-0.044699,0.049699,-0.045018,-0.022449,-0.053776,-0.008203,0.030524,0.057282,-0.032604,-0.047962,-0.041291,0.032219,-0.005329,-0.044006,-0.054544,-0.031925,0.054342,-0.042044,-0.01474,0.053072,-0.045534,-0.049056,0.011646,-0.036235,-0.020142,-0.032036,0.044415,-0.055095,-0.044547
3.9,-0.037688,-0.044896,0.050586,-0.044788,-0.024186,-0.054137,-0.00565,0.027767,0.057158,-0.033907,-0.046948,-0.042474,0.034539,-0.007622,-0.0435,-0.054209,-0.030044,0.052822,-0.042589,-0.016627,0.053566,-0.04547,-0.049838,0.014401,-0.034986,-0.021982,-0.033508,0.045938,-0.055176,-0.04421
3.91,-0.036575,-0.045133,0.051402,-0.044587,-0.025805,-0.05435,-0.002989,0.024978,0.05691,-0.035219,-0.04578,-0.043525,0.036826,-0.009914,-0.043002,-0.05373,-0.028014,0.051118,-0.043165,-0.018418,0.054001,-0.045437,-0.050468,0.01722,-0.033713,-0.023816,-0.034857,0.047385,-0.055099,-0.04388
3.92,-0.0354,-0.045302,0.052138,-0.044334,-0.027411,-0.054552,-0.000322,0.022241,0.056565,-0.036413,-0.044599,-0.044559,0.039025,-0.012103,-0.042443,-0.053246,-0.025968,0.049287,-0.043646,-0.020189,0.054384,-0.045353,-0.05107,0.020008,-0.032384,-0.025537,-0.036194,0.048717,-0.055004,-0.043498
3.93,-0.034112,-0.045371,0.052775,-0.043977,-0.029058,-0.054776,0.002362,0.019542,0.056091,-0.037473,-0.043418,-0.045619,0.041122,-0.014178,-0.04178,-0.052765,-0.023904,0.047326,-0.044018,-0.021995,0.054683,-0.045177,-0.051682,0.022775,-0.030935,-0.027138,-0.037561,0.049925,-0.054916,-0.04302
3.94,-0.032751,-0.045425,0.053318,-0.043596,-0.030624,-0.054903,0.005084,0.016857,0.05546,-0.038481,-0.042145,-0.046579,0.043106,-0.0162,-0.04108,-0.05219,-0.021764,0.045238,-0.044356,-0.023734,0.054885,-0.044977,-0.052207,0.025521,-0.029418,-0.028678,-0.038851,0.051,-0.054731,-0.042507
3.94,-0.031369,-0.045511,0.053791,-0.04324,-0.032085,-0.054889,0.007901,0.014151,0.054662,-0.039492,-0.040716,-0.047403,0.045006,-0.018231,-0.04037,-0.05146,-0.01949,0.043004,-0.044714,-0.025374,0.055017,-0.044806,-0.052604,0.028282,-0.027866,-0.030235,-0.040024,0.051978,-0.054407,-0.042002
3.95,-0.029935,-0.045559,0.054206,-0.042849,-0.033508,-0.054849,0.01076,0.011493,0.053723,-0.040426,-0.03924,-0.0482,0.046781,-0.020181,-0.039626,-0.050694,-0.017161,0.040688,-0.045023,-0.026984,0.055087,-0.044611,-0.053004,0.031,-0.026264,-0.031706,-0.041173,0.052843,-0.054053,-0.041465
3.96,-0.028385,-0.045519,0.054523,-0.042373,-0.034944,-0.054831,0.013607,0.008924,0.052651,-0.041234,-0.037758,-0.04901,0.048387,-0.021996,-0.038775,-0.049948,-0.014818,0.038321,-0.045229,-0.028596,0.055078,-0.044331,-0.053437,0.033618,-0.024537,-0.033054,-0.042331,0.053572,-0.053719,-0.040835
3.97,-0.026734,-0.045419,0.05474,-0.041831,-0.036317,-0.054743,0.016478,0.006382,0.051414,-0.041976,-0.036205,-0.049754,0.049823,-0.023759,-0.037837,-0.049145,-0.012414,0.035854,-0.04538,-0.030156,0.054975,-0.043985,-0.053818,0.036149,-0.022715,-0.034344,-0.043425,0.054171,-0.053325,-0.040136
3.98,-0.025058,-0.045345,0.054882,-0.041318,-0.037599,-0.054515,0.019417,0.003818,5.00E-02,-0.042729,-0.0345,-0.050394,0.051135,-0.025528,-0.036898,-0.048212,-0.009882,0.033289,-0.045561,-0.031627,0.054788,-0.043666,-0.054082,0.038615,-0.02086,-0.035638,-0.044424,0.054677,-0.052798,-0.039435
3.98,-0.023348,-0.045285,0.054953,-0.040809,-0.038829,-0.054229,0.022374,0.001317,0.048475,-0.043475,-0.032729,-0.05098,0.052309,-0.027252,-0.035947,-0.047232,-0.007283,0.030685,-0.04576,-0.033053,0.054532,-0.04336,-0.054288,0.040984,-0.018975,-0.036904,-0.045378,0.055098,-0.052222,-0.038735
3.99,-0.021533,-0.04513,0.054938,-0.040224,-0.040043,-0.053933,0.025283,-0.001092,0.046837,-0.044111,-0.030958,-0.051548,0.053328,-0.028848,-0.034894,-0.046263,-0.004675,0.028086,-0.045868,-0.034445,0.054201,-0.042956,-0.054485,0.043213,-0.016988,-0.038054,-0.046327,0.05541,-0.051641,-0.037942
4,-0.019601,-0.044876,0.054831,-0.03954,-0.041215,-0.053569,0.028161,-0.003435,0.045067,-0.044642,-0.029126,-0.052068,0.054212,-0.030362,-0.033728,-0.045233,-0.002021,0.025457,-0.04589,-0.035803,0.053764,-0.042464,-0.054611,0.045314,-0.014884,-0.039108,-0.047241,0.055611,-0.051007,-0.037042
4.01,-0.017639,-0.044659,0.054661,-0.038872,-0.042287,-0.05311,0.031008,-0.005762,0.043166,-0.045207,-0.027177,-0.052483,0.054996,-0.031872,-0.032552,-0.044083,0.000717,0.022795,-0.04595,-0.037071,0.053242,-0.041999,-0.054622,0.047306,-0.01275,-0.040168,-0.048062,0.055729,-0.05026,-0.036143
4.02,-0.015631,-0.04448,0.054435,-0.038222,-0.043305,-0.052574,0.033829,-0.008081,0.041135,-0.045775,-0.025134,-0.052855,0.0557,-0.033377,-0.031363,-0.04284,0.003544,0.020107,-0.046039,-0.038271,0.05263,-0.041552,-0.05456,0.0492,-0.010567,-0.041226,-0.048821,0.055777,-0.049438,-0.035243
4.02,-0.013544,-0.04422,0.054131,-0.037485,-0.044298,-0.052043,0.036522,-0.010268,0.03903,-0.046233,-0.02307,-0.053233,0.05627,-0.03474,-0.030083,-0.041573,0.006364,0.017474,-0.046024,-0.039437,0.051928,-0.041031,-0.054483,0.050911,-0.008315,-0.042151,-0.049556,0.055724,-0.048602,-0.034256
4.03,-0.011335,-0.043857,0.053744,-0.036639,-0.045264,-0.051461,0.039101,-0.012384,0.036818,-0.046583,-0.02094,-0.053577,0.056698,-0.036008,-0.028668,-0.040234,0.009214,0.014843,-0.045908,-0.040571,0.051123,-0.040402,-0.054363,0.052454,-0.005941,-0.042959,-0.050255,0.055575,-0.047707,-0.033152
4.04,-0.009074,-0.043523,0.053299,-0.035792,-0.046158,-0.050805,0.041576,-0.014477,0.034519,-0.046948,-0.01872,-0.053862,0.057013,-0.03726,-0.027231,-0.038787,0.012107,0.012221,-0.045812,-0.041624,0.050217,-0.039786,-0.054175,0.053836,-0.003517,-0.043764,-0.050866,0.055362,-0.046733,-0.03203
4.05,-0.006764,-0.043233,0.052777,-0.034958,-0.047,-0.050085,0.04397,-0.016535,0.032134,-0.047329,-0.01639,-0.054094,0.057209,-0.038487,-0.025765,-0.037236,0.015071,0.0096,-0.045749,-0.042616,0.049204,-0.039205,-0.053929,0.055078,-0.001054,-0.044565,-0.051431,0.055082,-0.045677,-0.030905
4.06,-0.004372,-0.042862,0.052181,-0.034041,-0.047793,-0.049306,0.046241,-0.018505,0.02969,-0.047615,-0.013995,-0.054264,0.057255,-0.039608,-0.02421,-0.035608,0.018048,0.007023,-0.045605,-0.043546,0.048088,-0.038541,-0.053645,0.056136,0.001499,-0.045267,-0.05195,0.054715,-0.044565,-0.029689
4.06,-0.001889,-0.042395,0.051508,-0.033014,-0.048542,-0.048491,0.048358,-0.020373,0.027221,-0.047789,-0.01157,-0.054378,0.057164,-0.04061,-0.022532,-0.033951,0.020999,0.00451,-0.04536,-0.044419,0.046878,-0.037779,-0.053337,0.057005,0.004126,-0.045848,-0.05242,0.054277,-0.043416,-0.028367
4.07,0.000654,-0.04193,0.050761,-0.031962,-0.049267,-0.047611,0.05037,-0.022195,0.024702,-0.047954,-0.009053,-0.054432,0.05697,-0.041575,-0.020804,-0.032209,0.023987,0.002023,-0.045119,-0.045268,0.045568,-0.037015,-0.052967,0.05773,0.006811,-0.046411,-0.052848,0.053767,-0.042183,-0.027007
4.08,0.003239,-0.041503,0.049947,-0.030914,-0.04992,-0.046635,0.05227,-0.023989,0.022143,-0.048142,-0.006414,-0.054415,0.056689,-0.042535,-0.019045,-0.030352,0.027023,-0.000445,-0.044916,-0.046048,0.044151,-0.036275,-0.052507,0.058326,0.009541,-0.046987,-0.053197,0.053197,-0.040832,-0.025629
4.09,0.005868,-0.041014,0.049065,-0.029799,-0.050475,-0.04559,0.053995,-0.025707,0.019572,-0.048245,-0.003718,-0.054336,0.056315,-0.043415,-0.017207,-0.028437,0.030032,-0.002859,-0.044653,-0.046724,0.042643,-0.035471,-0.051979,0.058757,0.012307,-0.047484,-0.053439,0.052553,-0.039412,-0.024188
4.1,0.008583,-0.040419,0.048105,-0.028579,-0.050962,-0.044487,0.055523,-0.027314,0.017016,-0.048231,-0.000993,-0.054215,0.055839,-0.044168,-0.015253,-0.026482,0.032976,-0.005191,-0.044293,-0.047347,0.041044,-0.034569,-0.051386,0.059027,0.015131,-0.047854,-0.053612,0.051828,-0.037934,-0.022626
4.1,0.011358,-0.039809,0.047069,-0.027306,-0.051417,-0.043307,0.056882,-0.028856,0.014459,-0.048198,0.001817,-0.054067,0.055299,-0.044875,-0.013214,-0.02445,0.03589,-0.007464,-0.043924,-0.047956,0.039347,-0.033637,-0.050741,0.059164,0.017996,-0.048201,-0.053755,0.051042,-0.036377,-0.020997
4.11,0.01414,-0.039231,0.045968,-0.026038,-0.051842,-0.042041,0.05808,-0.030395,0.011887,-0.048194,0.004726,-0.053874,0.054698,-0.045607,-0.011155,-0.022322,0.038765,-0.009723,-0.04359,-0.048542,0.037559,-0.032729,-0.050051,0.059179,0.020843,-0.048557,-0.053885,0.050207,-0.034729,-0.019358
4.12,0.016961,-0.038606,0.044783,-0.024715,-0.052171,-0.040682,0.059074,-0.031868,0.009329,-0.048138,0.007692,-0.053592,0.054021,-0.046279,-0.00902,-0.020116,0.041545,-0.01193,-0.043221,-0.049035,0.035676,-0.031782,-0.049274,0.059043,0.023708,-0.048844,-0.053945,0.049299,-0.033003,-0.017652
4.13,0.019843,-0.037884,0.043517,-0.023278,-0.052368,-0.039254,0.059839,-0.033225,0.006817,-0.047973,0.010664,-0.05321,0.053255,-0.046836,-0.00676,-0.017854,0.044178,-0.014028,-0.042751,-0.049398,0.033717,-0.030724,-0.048412,0.058746,0.026594,-0.049024,-0.053922,0.048315,-0.031214,-0.015822
4.14,0.02277,-0.037121,0.042174,-0.021767,-0.052537,-0.037749,0.06043,-0.03453,0.004328,-0.047766,0.013692,-0.05276,0.052429,-0.047357,-0.004419,-0.015514,0.046712,-0.016079,-0.042252,-0.04974,0.031682,-0.029615,-0.04749,0.058338,0.029509,-0.04916,-0.053884,0.047274,-0.029351,-0.013913
4.14,0.025676,-0.036393,0.040774,-0.02028,-0.052711,-0.036205,0.060839,-0.035812,0.001872,-0.047586,0.016755,-0.052295,0.051566,-0.047871,-0.002073,-0.0131,0.049128,-0.018075,-0.041785,-0.050108,0.029603,-0.028544,-0.046525,0.057835,0.032409,-0.0493,-0.053842,0.0462,-0.027429,-0.012008
4.15,0.02862,-0.035631,0.039285,-0.018715,-0.05279,-0.034559,0.061049,-0.037047,-0.000558,-0.047375,0.019852,-0.051727,0.05062,-0.048346,0.000373,-0.010581,0.051412,-0.020017,-0.041298,-0.050371,0.027444,-0.027422,-0.045465,0.057215,0.035372,-0.049406,-0.0537,0.045045,-0.025414,-0.010013
4.16,0.03156,-0.034776,0.037713,-0.017064,-0.052712,-0.032858,0.061052,-0.038183,-0.002932,-0.047058,0.022905,-0.051054,0.049608,-0.048703,0.002895,-0.00804,0.053508,-0.021864,-0.040708,-0.050469,0.025241,-0.026209,-0.044321,0.05649,0.038352,-0.049404,-0.053409,0.043823,-0.023357,-0.007922
4.17,0.034534,-0.033867,0.036058,-0.015318,-0.052594,-0.031058,0.060884,-0.039268,-0.005285,-0.046682,0.026023,-0.050318,0.048533,-0.049007,0.005528,-0.005368,0.055487,-0.023664,-0.040076,-0.050526,0.022971,-0.024919,-0.043094,0.055678,0.041373,-0.049356,-0.053048,0.042537,-0.02119,-0.005729
4.18,0.037472,-0.032988,0.034374,-0.013565,-0.052511,-0.029196,0.060579,-0.040315,-0.007559,-0.046336,0.029148,-0.049567,0.047446,-0.049307,0.008179,-0.002621,0.057302,-0.025394,-0.039469,-0.050627,0.020707,-0.023647,-0.041821,0.054821,0.044316,-0.049327,-0.052683,0.04123,-0.018949,-0.003515
4.18,0.040395,-0.032085,0.032614,-0.011759,-0.052366,-0.027273,0.060131,-0.041314,-0.009806,-0.045954,0.032262,-0.048766,0.046313,-0.049557,0.010887,0.000183,0.058911,-0.027078,-0.038844,-0.050664,0.018402,-0.022342,-0.040495,0.053897,0.047159,-0.049261,-0.052263,0.039858,-0.01665,-0.001235
4.19,0.043281,-0.03109,0.030767,-0.009855,-0.05209,-0.025275,0.059528,-0.042219,-0.011995,-0.045476,0.035323,-0.047868,0.045097,-0.049714,0.013669,0.003032,0.06027,-0.028673,-0.038132,-0.050555,0.016059,-0.02094,-0.039083,0.052871,0.049852,-0.049103,-0.051723,0.038406,-0.014292,0.001151
4.2,0.046151,-0.030033,0.028855,-0.007853,-0.051719,-0.023158,0.058805,-0.043066,-0.01414,-0.044946,0.038373,-0.046867,0.043823,-0.049816,0.016528,0.005985,0.061396,-0.030225,-0.037358,-0.050373,0.01369,-0.019458,-0.037552,0.051767,0.052448,-0.048883,-0.051103,0.03688,-0.011811,0.003639
4.21,0.048946,-0.029002,0.026936,-0.005843,-0.051345,-0.020979,0.058034,-0.043878,-0.016207,-0.04444,0.041361,-0.045844,0.042569,-0.049916,0.01938,0.008985,0.062314,-0.031712,-0.036615,-0.050199,0.011353,-0.017991,-0.035989,0.050659,0.054906,-0.048674,-0.050456,0.035358,-0.009276,0.006152
4.22,0.051705,-0.027945,0.02496,-0.003767,-0.050945,-0.018719,0.057169,-0.044637,-0.018221,-0.043907,0.044282,-0.044776,0.041268,-0.049974,0.022279,0.012051,0.063015,-0.033151,-0.035855,-0.050006,0.008999,-0.016478,-0.034359,0.049496,0.057283,-0.048424,-0.049778,0.033772,-0.006651,0.008745
4.22,0.054379,-0.026793,0.022917,-0.001587,-0.050432,-0.016389,0.056169,-0.045314,-0.020169,-0.043286,0.04704,-0.043601,0.03988,-0.049937,0.025223,0.015123,0.063457,-0.034505,-0.035007,-0.049697,0.006641,-0.014868,-0.032638,0.048238,0.059527,-0.048064,-0.048986,0.032108,-0.003973,0.011444
4.23,0.056935,-0.025575,0.020817,0.000681,-0.049809,-0.013963,0.055066,-0.045951,-0.022075,-0.042617,0.049648,-0.042316,0.03844,-0.049857,0.02821,0.018223,0.063663,-0.035827,-0.034101,-0.049275,0.004273,-0.013181,-0.030818,0.046914,0.061621,-0.047642,-0.048069,0.030376,-0.001213,0.014229
4.24,0.059322,-0.024377,0.018712,0.002973,-0.04917,-0.01145,0.053924,-0.04657,-0.023915,-0.041975,0.052133,-0.040962,0.036991,-0.049768,0.031203,0.021363,0.063686,-0.037107,-0.033216,-0.048829,0.001933,-0.011486,-0.028926,0.045593,0.06353,-0.047228,-0.047111,0.028627,0.001637,0.017044
4.25,0.061489,-0.023169,0.016601,0.00531,-0.048505,-0.008866,0.052736,-0.047134,-0.025666,-0.041313,0.054473,-0.039546,0.035525,-0.049631,0.034208,0.024523,0.06352,-0.038297,-0.032323,-0.048379,-0.000356,-0.00977,-0.026968,0.044253,0.065243,-0.046764,-0.046111,0.026855,0.004557,0.019891
4.26,0.063439,-0.021847,0.014446,0.007754,-0.047751,-0.00621,0.051453,-0.047624,-0.027365,-0.040562,0.056626,-0.038027,0.033987,-0.049416,0.037257,0.027682,0.063133,-0.039424,-0.031332,-0.047837,-0.002635,-0.007941,-0.024913,0.042836,0.066773,-0.046223,-0.045003,0.025021,0.007539,0.022823
4.26,0.065171,-0.020446,0.012243,0.010301,-0.046879,-0.003476,0.050082,-0.048093,-0.029033,-0.039755,0.058578,-0.036391,0.032385,-0.049155,0.040316,0.030835,0.062552,-0.040517,-0.03027,-0.047189,-0.00492,-0.00602,-0.022762,0.041364,0.068102,-0.045622,-0.043781,0.023117,0.010577,0.025812
4.27,0.066681,-0.019061,0.010034,0.012865,-0.045969,-0.000668,0.048683,-0.048519,-0.030639,-0.038961,0.06034,-0.034681,0.030758,-0.048877,0.043305,0.034007,0.061841,-0.041561,-0.029227,-0.046509,-0.007168,-0.004091,-0.020532,0.039873,0.069158,-0.045031,-0.042505,0.021189,0.013681,0.028792
4.28,0.067966,-0.017666,0.007848,0.015461,-0.045028,0.002212,0.047274,-0.048896,-0.032168,-0.038164,0.061885,-0.032905,0.029134,-0.048573,0.046189,0.037179,0.061024,-0.04253,-0.028185,-0.04582,-0.009342,-0.002145,-0.018226,0.038393,0.069887,-0.044429,-0.041184,0.01926,0.016844,0.031751
4.29,0.069029,-0.01618,0.005672,0.018142,-0.043999,0.005157,0.045811,-0.049207,-0.03362,-0.03728,0.063182,-0.031035,0.027478,-0.048194,0.048994,0.040299,0.060064,-0.043433,-0.027048,-0.045065,-0.011471,-9.40E-05,-0.015819,0.036875,0.070297,-0.043751,-0.039764,0.017307,0.02004,0.034735
4.3,0.06986,-0.014591,0.003464,0.020924,-0.042885,0.008161,0.04429,-0.049451,-0.03504,-0.036324,0.064229,-0.029077,0.025752,-0.047738,0.051749,0.043348,0.058954,-0.044289,-0.025825,-0.044228,-0.013588,0.002068,-0.013332,0.035307,0.07042,-0.043011,-0.038265,0.015293,0.023248,0.037765
4.3,7.04E-02,-0.012997,0.001242,0.023753,-0.041712,0.011237,0.042725,-0.049675,-0.036415,-0.035371,0.065057,-0.027041,0.023987,-0.047276,0.054425,0.046327,0.05772,-0.045109,-0.024605,-0.043346,-0.015679,0.004264,-0.010754,0.0337,0.070284,-0.04227,-0.036694,0.013241,0.026471,0.040796
4.31,0.070715,-0.011398,-0.000937,0.026594,-0.040491,0.014385,0.041161,-0.049876,-0.037721,-0.034424,0.06566,-0.024921,0.022229,-0.046798,0.056959,0.049217,0.056392,-0.04587,-0.02339,-0.042439,-0.017695,0.006474,-0.00809,0.032108,0.069882,-0.041523,-0.03507,0.011207,0.029704,0.043775
4.32,0.070722,-0.009725,-0.003075,0.029479,-0.039214,0.01758,0.039589,-0.050006,-0.038943,-0.03342,0.066008,-0.022729,0.020464,-0.046258,0.05934,0.051982,0.054987,-0.046555,-0.022108,-0.041496,-0.019633,0.008756,-0.005345,0.030515,0.069236,-0.040716,-0.033377,0.009182,0.032924,0.046709
4.33,0.070468,-0.007943,-0.005234,0.032475,-0.037835,0.020852,0.037964,-0.050067,-0.040125,-0.032327,0.06607,-0.02043,0.018633,-0.045619,0.06159,0.054641,0.053486,-0.047188,-0.020715,-0.040481,-0.021553,0.011175,-0.002492,0.028864,0.068339,-0.039822,-0.031585,0.007105,0.036169,0.049644
4.34,0.069927,-0.006141,-0.007359,0.035477,-0.036401,0.024142,0.036319,-0.0501,-0.041248,-0.031233,0.065844,-0.018062,0.016783,-0.044973,0.063621,0.057119,0.051907,-0.047772,-0.019315,-0.039428,-0.023414,0.013623,0.00042,0.027204,0.067203,-0.03892,-0.029731,0.00503,0.039374,0.052461
4.34,0.069111,-0.004333,-0.009447,0.038468,-0.034926,0.027455,0.034667,-0.050108,-0.042319,-0.030157,0.065399,-0.015612,0.014929,-0.044322,0.065422,0.059414,0.050285,-0.048321,-0.017921,-0.038367,-0.025214,0.016084,0.00341,0.025536,0.065842,-0.038025,-0.02782,0.002967,0.042558,0.055125
4.35,0.06805,-0.002467,-0.0115,0.041482,-0.0334,0.030782,0.03302,-0.050052,-0.043325,-0.029027,0.064778,-0.013082,0.013067,-0.043608,0.067017,0.061506,0.048619,-0.0488,-0.016467,-0.037285,-0.026946,0.018605,0.006485,0.023861,0.064313,-0.037075,-0.025836,0.000913,0.045707,0.057652
4.36,0.066784,-0.000499,-0.013511,0.044529,-0.031793,0.03411,0.03136,-0.049921,-0.044255,-0.027816,0.063993,-0.010449,0.011191,-0.042816,0.06844,0.063343,0.046895,-0.049211,-0.014915,-0.036149,-0.02861,0.021224,0.009641,0.022178,0.062644,-0.036038,-0.023757,-0.001129,0.048779,0.060047
4.37,0.065334,0.001512,-0.015487,0.047538,-0.030126,0.037416,0.029679,-0.049747,-0.045127,-0.026583,0.063029,-0.007732,0.0093,-0.041991,0.069664,0.064882,0.045115,-0.049559,-0.013327,-0.034959,-0.030224,0.023878,0.012867,0.020471,0.060849,-0.03497,-0.021594,-0.003161,0.05174,0.062273
4.38,0.063699,0.003515,-0.017428,0.05044,-0.028415,0.04069,0.027999,-0.049565,-0.045953,-0.02537,0.061893,-0.004951,0.007402,-0.041169,0.070648,0.066124,0.043306,-0.049889,-0.011744,-0.03375,-0.031785,0.026527,0.016151,0.018753,0.058943,-0.033911,-0.01937,-0.005178,0.054557,0.064304
4.38,0.061897,0.005574,-0.019329,0.053255,-0.026657,0.04394,0.026318,-0.049344,-0.046724,-0.024125,0.060597,-0.002083,0.0055,-0.040304,0.071363,0.067077,0.041479,-0.050178,-0.010119,-0.032514,-0.033301,0.02922,0.019498,0.01703,0.056923,-0.032814,-0.017063,-0.007176,0.057203,0.066167
4.39,0.059954,0.00773,-0.021186,0.055982,-0.024847,0.047142,0.024624,-0.049046,-0.047419,-0.022787,0.059147,0.000877,0.003594,-0.039356,0.071775,0.067758,0.039635,-0.05039,-0.008387,-0.031229,-0.03475,0.031986,0.0229,0.015295,0.05481,-0.031635,-0.014663,-0.009153,0.059639,0.067836
4.4,0.057892,0.009944,-0.022988,0.05858,-0.022977,0.050244,0.022924,-0.048686,-0.048044,-0.021411,0.057573,0.003915,0.001692,-0.038353,0.071886,0.068188,0.037785,-0.050551,-0.0066,-0.029865,-0.036148,0.034785,0.026335,0.013549,0.052623,-0.030409,-0.012189,-0.011098,0.06184,0.069239
4.41,0.05573,0.012177,-0.02475,0.060993,-0.021038,0.053237,0.021224,-0.048314,-0.04862,-0.020037,0.055911,0.007047,-0.000207,-0.037345,0.071716,0.068379,0.035941,-0.050688,-0.004805,-0.028426,-0.037492,0.037591,0.029801,0.011793,0.050356,-0.029187,-0.009612,-0.013018,0.063824,0.070311
4.42,0.053509,0.014427,-0.026475,0.063179,-0.019072,0.056087,0.019526,-0.047918,-0.049167,-0.018651,0.0542,0.010243,-0.002098,-0.03632,0.071298,0.068336,0.034121,-0.050807,-0.002993,-0.026948,-0.038799,0.040397,0.033288,0.01004,0.048035,-0.027951,-0.006984,-0.014912,0.065592,0.071078
4.42,0.051245,0.016756,-0.028155,0.065142,-0.017076,0.058762,0.017824,-0.047453,-0.049642,-0.017207,0.052416,0.013487,-0.003977,-0.035228,0.070636,0.06803,0.032304,-0.050865,-0.001099,-0.025422,-0.040051,0.043249,0.036764,0.008285,0.045676,-0.026654,-0.004306,-0.016775,0.067109,7.16E-02
4.43,0.048932,0.019177,-0.029759,0.0669,-0.014999,0.061265,0.016113,-0.046914,-0.050048,-0.015677,0.050543,0.016812,-0.00584,-0.034058,0.069711,0.067464,0.030465,-0.050847,0.000887,-0.023795,-0.041222,0.046147,0.040251,0.006517,0.043286,-0.02529,-0.001535,-0.018594,0.068347,0.071946
4.44,0.046601,0.021602,-0.031329,0.068451,-0.01285,0.063581,0.01441,-0.046345,-0.050408,-0.014152,0.04864,0.020213,-0.007692,-0.032869,0.068528,0.066687,0.028651,-0.050792,0.002883,-0.022081,-0.042343,0.049016,0.043712,0.004751,0.040891,-0.023916,0.001314,-0.020386,0.069299,0.072025
4.45,0.044232,0.024035,-0.032861,0.069793,-0.01065,0.065707,0.012721,-0.045773,-0.050758,-0.012626,0.046722,0.023661,-0.00953,-0.03169,0.067113,0.065727,0.026872,-0.050728,0.004885,-0.020298,-0.043433,0.051836,0.047126,0.002997,0.038506,-0.022558,0.004222,-0.022154,0.069961,0.07181
4.46,0.041827,0.026513,-0.034319,0.070906,-0.008425,0.067602,0.011044,-0.045164,-0.051044,-0.011064,0.044756,0.027132,-0.011328,-0.030474,0.065509,0.064565,0.025103,-0.050604,0.006944,-0.018475,-0.044441,0.054603,0.050442,0.00126,0.036129,-0.021167,0.007165,-0.02385,0.070333,0.071318
4.46,0.039406,0.029055,-0.035712,0.07174,-0.006152,0.069241,0.009353,-0.044446,-0.051246,-0.009413,0.042734,0.030617,-0.013115,-0.029169,0.06374,0.063205,0.023317,-0.050383,0.009087,-0.016588,-0.045367,0.057301,0.053654,-0.00049,0.033763,-0.019683,0.010154,-0.025514,0.070432,0.070577
4.47,0.036963,0.031632,-0.037081,0.07224,-0.00378,0.070608,0.007656,-0.043699,-0.051421,-0.007727,0.040698,0.03414,-0.01489,-0.027824,0.061819,0.061702,0.02154,-0.050129,0.011274,-0.014601,-0.046254,0.059874,0.056776,-0.002248,0.031422,-0.018177,0.013222,-0.027162,0.070306,0.069606
4.48,0.034537,0.034186,-0.038381,0.072389,-0.001338,0.071672,0.005996,-0.042974,-0.051582,-0.006071,0.038699,0.037678,-0.01662,-0.026515,0.059768,0.060125,0.019807,-0.049861,0.013447,-0.012541,-0.047083,0.062267,0.059783,-0.003968,0.029112,-0.016694,0.016355,-0.028742,0.069972,0.068407
4.49,0.032098,0.036748,-0.039616,0.072228,0.001159,0.072389,0.004356,-0.04219,-0.051687,-0.004375,0.036701,0.041226,-0.018319,-0.025166,0.057578,0.058437,0.018099,-0.049531,0.015647,-0.010441,-0.047836,0.064478,0.062656,-0.005668,0.026807,-0.015184,0.019536,-0.030276,0.069384,0.066956
4.5,0.029685,0.039345,-0.040781,0.07182,0.003674,0.072724,0.00271,-0.041316,-0.051714,-0.00261,0.034686,0.04471,-0.019982,-0.023731,0.055295,0.056624,0.016384,-0.049124,0.017904,-0.008321,-0.048517,0.06649,0.065317,-0.007364,0.024545,-0.013593,0.022712,-0.031746,0.068495,0.065301
4.5,0.027323,0.041985,-0.041906,0.071202,0.006282,0.072749,0.001046,-0.040397,-0.051698,-0.000794,0.03265,0.048193,-0.021638,-0.022262,0.052933,0.054701,0.014646,-0.04866,0.020228,-0.006113,-0.049164,0.068277,0.067786,-0.009073,0.022329,-0.011967,0.025945,-0.033195,0.067335,0.063466
4.51,0.025005,0.044606,-0.04299,0.070337,0.008977,0.072551,-0.000595,-0.039468,-0.05166,0.001024,0.030663,0.051681,-0.023269,-0.020787,0.050499,0.052745,0.012946,-0.048195,0.022546,-0.003819,-0.04978,0.069738,0.070093,-0.010754,0.020168,-0.010342,0.029241,-0.03459,0.065998,0.061465
4.52,0.022691,0.047193,-0.044002,0.069198,0.011736,0.072127,-0.002198,-0.038496,-0.051567,0.00285,0.028729,0.055152,-0.024835,-0.019294,0.047949,0.050756,0.011301,-0.047679,0.024852,-0.001478,-0.050345,0.070849,0.072206,-0.012393,0.01802,-0.008704,0.03257,-0.035917,0.064518,0.059291
4.53,0.020402,0.049769,-0.044922,0.067824,0.014529,0.071425,-0.003771,-0.037448,-0.051389,0.00472,0.026795,0.058506,-0.026346,-0.017744,0.045342,0.048689,0.009666,-0.047095,0.027191,0.000896,-0.050813,0.071663,0.074025,-0.013995,0.015902,-0.007032,0.035881,-0.037163,0.062869,0.057002
4.54,0.018163,0.052381,-0.045816,0.066262,0.017384,0.07045,-0.005387,-0.036334,-0.051166,0.006665,0.024827,0.061729,-0.027857,-0.016137,0.042705,0.046534,0.007995,-0.046455,0.029593,0.003349,-0.051251,0.072231,0.075522,-0.015618,0.013846,-0.005295,0.039205,-0.038377,0.061069,0.054639
4.54,0.015977,0.05497,-0.046706,0.064522,0.020318,0.069272,-0.007009,-0.035196,-0.050929,0.008642,0.022889,0.064804,-0.029368,-0.014498,0.04007,0.044367,0.006335,-0.045807,0.03202,0.00588,-0.05167,0.072516,0.076685,-0.017252,0.01185,-0.003535,0.042547,-0.039581,0.059181,0.052215
4.55,0.013817,0.057464,-0.047514,0.062601,0.023309,0.067927,-0.008559,-0.034029,-0.050638,0.010609,0.021035,0.067689,-0.030792,-0.012865,0.037415,0.04223,0.004747,-0.045127,0.034419,0.008493,-0.052015,0.072453,0.077491,-0.018804,0.009881,-0.00179,0.045877,-0.040699,0.057239,0.0497
4.56,0.011664,0.059832,-0.048225,0.060503,0.02634,0.066409,-0.010068,-0.03279,-0.050259,0.012598,0.019212,0.07037,-0.03214,-0.011197,0.034722,0.040077,0.003206,-0.044357,0.036805,0.01116,-0.052253,0.072032,0.07793,-0.020298,0.00791,-2.60E-05,0.049179,-0.041724,0.055212,0.047086
4.57,0.009569,0.06209,-0.048902,0.058296,0.029387,0.064721,-0.011597,-0.031494,-0.049825,0.014641,0.017375,0.072844,-0.033476,-0.009471,0.032068,0.037889,0.001635,-0.043534,0.039222,0.01387,-0.052451,0.071335,0.078033,-0.021802,0.005987,0.001784,0.052413,-0.04274,0.053099,0.044438
4.58,0.007569,0.064228,-0.049573,0.056021,0.032468,0.062901,-0.013158,-0.03018,-0.049388,0.01673,0.01554,0.075143,-0.034821,-0.007722,0.029492,0.035695,5.30E-05,-0.042702,0.041658,0.016659,-0.052651,0.07042,0.077844,-0.023327,0.004141,0.003628,0.055586,-0.043767,0.050933,0.0418
4.58,0.005619,0.066194,-0.050173,0.053648,0.035569,0.060994,-0.014651,-0.028827,-0.048896,0.018826,0.01377,0.077227,-0.036096,-0.00597,0.026947,0.033543,-0.001469,-0.041827,0.04407,0.019504,-0.052784,0.069277,0.077416,-0.024781,0.002329,0.00547,0.058695,-0.044724,0.048768,0.039155
4.59,0.003655,0.067933,-0.050654,0.051122,0.038687,0.058998,-0.016092,-0.027401,-0.048311,0.020942,0.012066,0.079036,-0.037272,-0.004179,0.024371,0.031426,-0.002933,-0.040859,0.046443,0.022405,-0.052819,0.067851,0.076743,-0.026166,0.000487,0.007335,0.061746,-0.045583,0.046598,0.036433
4.6,0.001737,0.069406,-0.051102,0.048523,0.041784,0.056917,-0.017509,-0.025935,-0.047683,0.023072,0.010382,0.080489,-0.038407,-0.002368,0.021826,0.029326,-0.004384,-0.039848,0.048769,0.025338,-0.052812,0.06621,0.075822,-0.027514,-0.00133,0.00921,0.064691,-0.046399,0.044413,0.033722
4.61,-8.40E-05,0.070617,-0.051544,0.045902,0.044884,0.054731,-0.01897,-0.024453,-0.047064,0.025245,0.008675,0.081579,-0.039559,-0.000542,0.019382,0.027206,-0.005868,-0.038833,0.051108,0.02833,-0.052801,0.064399,0.074635,-0.028896,-0.003075,0.011112,0.067529,-0.047218,0.042178,0.03108
4.62,-0.001838,0.071535,-0.051938,0.043247,0.047975,0.05247,-0.020407,-0.022914,-0.046387,0.027462,0.006999,0.082329,-0.040667,0.001324,0.016986,0.025107,-0.007336,-0.037763,0.053433,0.031358,-0.052742,0.062429,0.073194,-0.030246,-0.004767,0.013055,0.070214,-0.047974,0.039921,0.028468
4.62,-0.003584,0.072127,-0.052211,0.040531,0.051013,0.050182,-0.021751,-0.021306,-0.045613,0.029682,0.005409,0.08276,-0.041654,0.003212,0.014608,0.023082,-0.008716,-0.036608,0.055676,0.034384,-0.052563,0.060309,0.071542,-0.031485,-0.006466,0.015013,0.072675,-0.048597,0.037697,0.025845
4.63,-0.005329,0.072424,-0.052408,0.037763,0.054029,0.047852,-0.023065,-0.019654,-0.044786,0.031904,0.003844,0.0829,-0.042579,0.005107,0.012245,0.021092,-0.010075,-0.035408,0.05783,0.037457,-0.052324,0.058048,0.069697,-0.032677,-0.008175,0.016977,0.074914,-0.049151,0.035478,0.023226
4.64,-0.006993,0.072462,-0.052621,0.035027,0.056989,0.045506,-0.024395,-0.018011,-0.04397,0.034133,0.002293,0.082726,-0.043519,0.006991,0.009968,0.019122,-0.011446,-0.034219,0.059887,0.040567,-0.052102,0.055698,0.067696,-0.033887,-0.009809,0.018942,0.076897,-0.049707,0.033261,0.020669
4.65,-0.008576,0.072231,-0.052806,0.03233,0.059849,0.043146,-0.025712,-0.016326,-0.043122,0.036383,0.000749,0.082209,-0.044431,0.008893,0.007787,0.017179,-0.012812,-0.032991,0.061835,0.043688,-0.051837,0.053266,0.065566,-0.035076,-0.011379,0.020934,0.078603,-0.050246,0.031052,0.01819
4.66,-0.010166,0.071673,-0.052877,0.029611,0.062596,0.040768,-0.026959,-0.014543,-0.042156,0.038668,-0.000739,0.081338,-0.045247,0.010852,0.005629,0.015271,-0.014128,-0.031656,0.063648,0.046812,-0.051457,0.050701,0.063311,-0.036175,-0.01295,0.022983,0.080014,-0.050673,0.028854,0.015713
4.66,-0.011742,0.070763,-0.052877,0.02689,0.065185,0.038432,-0.028146,-0.012717,-0.041123,0.040926,-0.002175,0.080171,-0.045985,0.012821,0.003497,0.013429,-0.015384,-0.030272,0.065267,0.049888,-0.050998,0.048047,0.060994,-0.0372,-0.014516,0.025039,0.081097,-0.051042,0.026714,0.013261
4.67,-0.01328,0.069535,-0.052882,0.024206,0.067646,0.036124,-0.029338,-0.010898,-0.040093,0.043133,-0.003593,0.078772,-0.04673,0.014762,0.001433,0.011619,-0.016652,-0.028885,0.06671,0.052926,-0.050538,0.045345,0.058636,-0.038235,-0.016037,0.027071,0.081869,-0.051421,0.024609,0.010858
4.68,-0.014751,0.068042,-0.052861,0.021572,0.069953,0.033831,-0.030529,-0.009076,-0.039044,0.0453,-0.005004,0.077172,-0.047458,0.016691,-0.000544,0.009839,-0.017924,-0.027488,0.068036,0.055878,-0.050063,0.042635,0.056231,-0.039262,-0.017489,0.029099,0.082334,-0.051786,0.022533,0.008547
4.69,-0.016214,0.066317,-0.052735,0.018975,0.072031,0.031565,-0.031643,-0.007178,-0.0379,0.04744,-0.006354,0.075362,-0.048085,0.018658,-0.002475,0.008119,-0.019137,-0.026007,0.069247,0.058668,-0.049486,0.03993,0.053761,-0.040204,-0.018922,0.031161,0.082445,-0.052058,0.020494,0.006286
4.7,-0.017668,0.064345,-0.052501,0.0164,0.073859,0.029299,-0.032699,-0.005191,-0.036646,0.049544,-0.00766,0.073335,-0.048613,0.020669,-0.004381,0.006435,-0.020298,-0.024416,7.03E-02,0.061322,-0.048806,0.03721,0.05122,-0.04108,-0.020348,0.033257,0.082194,-0.05223,0.018475,0.004055
4.7,-0.019089,0.062151,-0.052251,0.013878,0.075448,0.027067,-0.033759,-0.003212,-0.035382,0.051559,-0.008963,0.071141,-0.049131,0.022646,-0.006221,0.004777,-0.021468,-0.022816,0.071115,0.06389,-0.048115,0.034494,0.048657,-0.041953,-0.021721,0.035316,0.081615,-0.052381,0.016494,0.001899
4.71,-0.020456,0.059763,-0.052,0.011426,0.076777,0.024885,-0.034823,-0.001262,-0.034137,0.053488,-0.010243,0.068795,-0.04964,0.024582,-0.007992,0.003174,-0.022636,-0.021241,0.071643,0.066391,-0.047424,0.031777,0.046094,-0.042836,-0.023046,0.037342,0.080728,-0.052532,0.014564,-0.000181
4.72,-0.021817,0.057222,-0.051667,0.009002,0.077779,0.022744,-0.035817,0.000745,-0.032805,0.055355,-0.011454,0.066282,-0.050082,0.026536,-0.009733,0.00163,-0.023743,-0.019581,0.071843,0.068726,-0.046652,0.029053,0.043503,-0.043654,-0.02435,0.039376,0.079534,-0.052602,0.012685,-0.002218
4.73,-0.023172,0.054579,-0.051215,0.006629,0.078414,0.02061,-0.03674,0.002834,-0.031355,0.057173,-0.01263,0.063606,-0.050417,0.028525,-0.011446,0.000118,-0.024802,-0.017807,0.071706,0.070826,-0.045744,0.026336,0.040868,-0.044389,-0.025637,0.041431,0.078058,-0.05254,0.010822,-0.004209
4.74,-0.024456,0.051896,-0.050726,0.004349,0.078697,0.018501,-0.037664,0.004929,-0.029875,0.058915,-0.013811,0.060842,-0.050735,0.0305,-0.013082,-0.001382,-0.02587,-0.016009,0.071242,0.072687,-0.0448,0.023668,0.038243,-0.045111,-0.026867,0.043468,0.076363,-0.052443,0.008985,-0.006109
4.74,-0.025689,0.049143,-0.050273,0.002126,0.078666,0.016443,-0.038604,0.007004,-0.028417,0.060566,-0.014977,0.058029,-0.051076,0.032443,-0.01465,-0.002838,-0.026944,-0.014224,0.070435,0.074354,-0.043875,0.02102,0.035642,-0.045832,-0.028045,0.045468,0.074469,-0.052366,0.007199,-0.007939
4.75,-0.026906,0.04634,-0.049742,-5.20E-05,0.078303,0.014477,-0.039465,0.009066,-0.026919,0.062072,-0.016065,0.055203,-0.051331,0.034339,-0.016198,-0.004205,-0.027947,-0.012408,0.069304,0.075753,-0.042887,0.0184,0.033114,-0.046455,-0.029207,0.047396,0.072371,-0.05221,0.005507,-0.00973
4.76,-0.028135,0.043479,-0.049079,-0.002216,0.077568,0.012521,-0.040245,0.0112,-0.025293,0.063461,-0.017112,0.052278,-0.051456,0.036259,-0.017736,-0.005531,-0.028893,-0.010477,0.067869,0.076833,-0.041759,0.015775,0.030564,-0.046961,-0.030375,0.049304,0.06998,-0.051915,0.003832,-0.011518
4.77,-0.029296,0.04065,-0.048371,-0.004278,0.0765,0.010566,-0.041005,0.013354,-0.023617,0.064724,-0.018169,0.049293,-0.051543,0.038185,-0.019206,-0.006862,-0.029843,-0.0085,0.066202,0.077552,-0.040591,0.013244,0.028007,-0.04743,-0.031485,0.051177,0.067348,-0.05158,0.002169,-0.013223
4.78,-0.030386,0.037846,-0.047677,-0.006235,0.075175,0.008646,-0.041782,0.01548,-0.021959,0.065832,-0.019235,0.046294,-0.051641,0.040082,-0.020574,-0.00818,-0.030821,-0.00653,0.064288,0.077938,-0.039444,0.010791,0.025488,-0.047917,-0.032527,0.052983,0.064552,-0.051261,0.000532,-0.014823
4.78,-0.03145,0.035046,-0.046935,-0.008145,0.07363,0.006825,-0.042484,0.017565,-0.020281,0.066722,-0.020232,0.043345,-0.051659,0.041909,-0.021912,-0.009399,-0.031734,-0.004558,0.062119,0.077984,-0.038263,0.008383,0.023064,-0.048339,-0.033546,0.054676,0.061686,-0.050871,-0.001006,-0.016393
4.79,-0.032534,0.032202,-0.046059,-0.01007,0.071818,0.00506,-0.043074,0.019681,-0.018489,0.067404,-0.02116,0.040377,-0.051543,0.043729,-0.023276,-0.010552,-0.03256,-0.002495,0.059701,0.077659,-0.036952,0.005943,0.02067,-0.048639,-0.034591,0.056303,0.058717,-0.050339,-0.002479,-0.01799
4.8,-0.033571,0.029424,-0.045122,-0.011905,0.069751,0.003297,-0.043623,0.021797,-0.016643,0.067886,-0.02209,0.037396,-0.05138,0.045542,-0.024569,-0.011704,-0.03338,-0.000388,0.05716,0.076966,-0.035581,0.003597,0.018286,-0.048912,-0.035595,0.057869,0.055678,-0.049748,-0.003949,-0.019514
4.81,-0.034509,0.026722,-0.044199,-0.013607,0.067458,0.001528,-0.044213,0.023897,-0.014798,0.068173,-0.023065,0.034415,-0.051258,0.047347,-0.025748,-0.012881,-0.034246,0.001723,0.054522,0.075952,-0.034224,0.001373,0.015904,-0.049229,-0.036511,0.05939,0.052586,-0.04919,-0.005428,-0.020919
4.82,-0.035398,0.024046,-0.043233,-0.01525,0.064993,-0.00017,-0.044747,0.025953,-0.012934,0.068202,-0.023991,0.031498,-0.051104,0.049099,-0.026875,-0.013996,-0.035059,0.003837,0.051773,0.074665,-0.032826,-0.000794,0.013608,-0.049491,-0.037387,0.060798,0.049492,-0.048581,-0.006833,-0.022269
4.82,-0.036312,0.021328,-0.042134,-0.016906,0.062375,-0.001768,-0.045174,0.027985,-0.010989,0.067949,-0.024823,0.028645,-0.050819,0.050787,-0.028031,-0.015016,-0.035756,0.006002,0.048899,0.073112,-0.031319,-0.00298,0.0114,-0.049619,-0.038295,0.062071,0.046385,-0.047848,-0.008149,-0.023638
4.83,-0.037217,0.018606,-0.040943,-0.018534,0.059587,-0.003351,-0.04555,0.030013,-0.008969,0.067458,-0.025643,0.025799,-0.050477,0.052439,-0.029171,-0.016019,-0.036427,0.00822,0.045951,0.071279,-0.029721,-0.005135,0.009215,-0.049689,-0.039199,0.063204,0.043222,-0.047043,-0.009434,-0.024991
4.84,-0.038025,0.015989,-0.039767,-0.020023,0.05666,-0.004948,-0.045978,0.031999,-0.006954,0.066778,-0.026507,0.022955,-0.050156,0.054036,-0.030191,-0.017059,-0.037141,0.010428,0.043028,0.069181,-0.028139,-0.007145,0.007026,-0.049784,-0.039997,0.064169,0.040011,-0.046262,-0.010746,-0.026209
4.85,-0.038761,0.013456,-0.038562,-0.0214,0.053659,-0.006506,-0.046383,0.033924,-0.004935,0.065918,-0.027357,0.020164,-0.049782,0.055549,-0.031126,-0.01808,-0.037822,0.012619,0.040125,0.066863,-0.026526,-0.00904,0.004893,-0.049847,-0.040715,0.064912,0.036816,-0.045454,-0.01203,-0.027318
4.86,-0.039536,0.010883,-0.037229,-0.022801,0.050602,-0.00798,-0.046674,0.035817,-0.002828,0.06482,-0.028124,0.017444,-0.049278,0.056966,-0.032099,-0.019019,-0.03841,0.014855,0.037148,0.064352,-0.024794,-0.010954,0.002849,-0.049787,-0.041467,0.065407,0.033663,-0.044517,-0.013225,-0.028447
4.86,-0.040331,0.008323,-0.035799,-0.024206,0.047515,-0.009381,-0.04689,0.037664,-0.000672,0.063483,-0.028822,0.014795,-0.048667,0.058276,-0.033095,-0.019899,-0.038931,0.017114,0.034132,0.06168,-0.022988,-0.012858,0.000887,-0.049635,-0.042235,0.065668,0.03057,-0.04349,-0.01435,-0.029578
4.87,-0.041044,0.005849,-0.034369,-0.025484,0.044377,-0.010788,-0.047123,0.039445,0.001478,0.061918,-0.029554,0.01217,-0.048063,0.059482,-0.034,-0.020809,-0.039481,0.019346,0.031142,0.058856,-0.021179,-0.014647,-0.001065,-0.049496,-0.042904,0.065756,0.027497,-0.042464,-0.015491,-0.030603
4.88,-0.041666,0.003491,-0.03291,-0.026643,0.041193,-0.012212,-0.047347,0.041166,0.003637,0.060145,-0.030316,0.009556,-0.047428,0.06058,-0.034809,-0.02175,-0.040057,0.021562,0.028199,0.055902,-0.019344,-0.016321,-0.003013,-0.049347,-0.043479,0.065694,0.024445,-0.041411,-0.016651,-0.031517
4.89,-0.042307,0.00116,-0.031342,-0.027796,0.038018,-0.013557,-0.047466,0.042842,0.005855,0.058154,-0.031007,0.007022,-0.046677,0.061549,-0.035635,-0.022628,-0.040549,0.023793,0.025262,0.052871,-0.017419,-0.017975,-0.004885,-0.049095,-0.044063,0.065459,0.021467,-0.040242,-0.017744,-0.032435
4.9,-0.042981,-0.001182,-0.029652,-0.028971,0.034877,-0.014825,-0.047461,0.044474,0.008142,0.055939,-0.031611,0.004584,-0.045811,0.062369,-0.036495,-0.023434,-0.040953,0.026043,0.022299,0.049807,-0.015397,-0.019644,-0.006671,-0.048722,-0.044664,0.065016,0.018574,-0.03894,-0.018757,-0.033384
4.9,-0.04359,-0.003424,-0.027951,-0.030053,0.031798,-0.016072,-0.047436,0.046008,0.010397,0.053566,-0.032226,0.002226,-0.04493,0.063019,-0.037276,-0.02424,-0.041353,0.028226,0.0194,0.046747,-0.013381,-0.021225,-0.008412,-0.048346,-0.045199,0.064373,0.015768,-0.037612,-0.019756,-0.034252
4.91,-0.044121,-0.005559,-0.026243,-0.031023,0.028713,-0.017332,-0.047427,0.04748,0.012641,0.05105,-0.032872,-0.000119,-0.044063,0.063516,-0.037949,-0.025081,-0.041781,0.030363,0.016579,0.043627,-0.011366,-0.022685,-0.010161,-0.047989,-0.045638,0.063526,0.012983,-0.036283,-0.020781,-0.035019
4.92,-0.044632,-0.007635,-0.024447,-0.031968,0.025653,-0.018556,-0.047345,0.048911,0.014923,0.048417,-0.033484,-0.002397,-0.043113,0.063844,-0.038608,-0.025889,-0.042158,0.032486,0.013822,0.040484,-0.009288,-0.02411,-0.011861,-0.047545,-0.046096,0.062476,0.010249,-0.03486,-0.021774,-0.035773
4.93,-0.045176,-0.009713,-0.02251,-0.032943,0.022637,-0.019725,-0.04715,0.050311,0.017279,0.045633,-0.034027,-0.0046,-0.042006,0.063989,-0.039305,-0.026643,-0.042419,0.034605,0.011073,0.037329,-0.007094,-0.025532,-0.01351,-0.046958,-0.046573,0.061191,0.007579,-0.033291,-0.022711,-0.036562
4.94,-0.045637,-0.011707,-0.020555,-0.033853,0.01973,-0.020834,-0.046918,0.051617,0.019595,0.042777,-0.034534,-0.006687,-0.040863,0.063941,-0.039941,-0.027363,-0.042646,0.036634,0.008405,0.034234,-0.004899,-0.026873,-0.015079,-0.046328,-0.046991,0.059691,0.005031,-0.031688,-0.023599,-0.037298
4.94,-0.046003,-0.013609,-0.018611,-0.034676,0.016862,-0.021948,-0.046723,0.05285,0.021876,0.039846,-0.035079,-0.008729,-0.03974,0.063717,-0.040493,-0.02811,-0.042903,0.03858,0.005809,0.031138,-0.002725,-0.028111,-0.016629,-0.045712,-0.047315,0.057979,0.002533,-0.030104,-0.024504,-0.03795
4.95,-0.046337,-0.015441,-0.016625,-0.035468,0.014053,-0.023061,-0.046491,0.054018,0.024148,0.036899,-0.035611,-0.010725,-0.038558,0.063323,-0.041032,-0.028856,-0.043133,0.040457,0.003307,0.028065,-0.000527,-0.029279,-0.018171,-0.045053,-0.047605,0.056097,9.00E-05,-0.028458,-0.025416,-0.038579
4.96,-0.046687,-0.017287,-0.014489,-0.036303,0.01125,-0.024136,-0.046134,0.055146,0.026484,0.033875,-0.036087,-0.012682,-0.037221,0.062732,-0.041604,-0.02956,-0.04326,0.042329,0.0008,0.024963,0.001794,-0.030458,-0.019667,-0.044251,-0.04791,0.054018,-0.002325,-0.026653,-0.026292,-0.039249
4.97,-0.046991,-0.019062,-0.012318,-0.037098,0.00856,-0.025145,-0.045705,0.056178,0.028786,0.030851,-0.036501,-0.01453,-0.035812,0.061937,-0.042146,-0.03022,-0.043326,0.044122,-0.001615,0.021952,0.004137,-0.031569,-0.021087,-0.043384,-0.04817,0.051799,-0.004615,-0.024793,-0.027119,-0.039873
4.98,-0.047215,-0.020709,-0.010184,-0.03779,0.005996,-0.026142,-0.045304,0.057081,0.031004,0.027853,-0.036941,-0.016299,-0.034416,0.060924,-0.042582,-0.030885,-0.043415,0.045797,-0.003916,0.019058,0.006426,-0.032561,-0.022455,-0.042536,-0.048327,0.049465,-0.006793,-0.022954,-0.027951,-0.040408
4.98,-0.047429,-0.022312,-0.008012,-0.038462,0.003496,-0.027136,-0.044871,0.057871,0.033188,0.024838,-0.037384,-0.018024,-0.032967,0.05968,-0.043002,-0.031559,-0.043498,0.047402,-0.006165,0.01621,0.008727,-0.033517,-0.023802,-0.041644,-0.048441,0.046993,-0.008912,-0.021071,-0.028797,-0.040917
4.99,-0.047681,-0.023912,-0.005734,-0.039172,0.001031,-0.028093,-0.044327,0.058575,0.035379,0.021804,-0.037766,-0.019701,-0.03138,0.058219,-0.043449,-0.032197,-0.043495,0.048958,-0.008392,0.013377,0.011109,-0.0345,-0.025109,-0.040621,-0.048568,0.044405,-0.01098,-0.019056,-0.029616,-0.041457
5,-0.047908,-0.025435,-0.003397,-0.039827,-0.001346,-0.029012,-0.043685,0.059169,0.037538,0.018812,-0.038108,-0.021315,-0.029689,0.05657,-0.043859,-0.032793,-0.043428,0.050436,-0.010534,0.010615,0.013522,-0.035435,-0.026352,-0.039497,-0.048671,0.04174,-0.012962,-0.01695,-0.030408,-0.04196
5.01,-0.048055,-0.02683,-0.001068,-0.040376,-0.003604,-0.029908,-0.043043,0.059642,0.039617,0.015879,-0.038454,-0.022845,-0.027984,0.054753,-0.044178,-0.033396,-0.043361,0.051791,-0.012556,0.007962,0.015903,-0.036266,-0.027541,-0.038355,-0.04869,0.039021,-0.014836,-0.014836,-0.031197,-0.04236
5.02,-0.048156,-0.028172,0.001266,-0.04088,-0.005763,-0.030788,-0.042383,0.059993,0.041615,0.012982,-0.038811,-0.024311,-0.026256,0.05278,-0.044454,-0.034006,-0.04329,0.053024,-0.014514,0.005405,0.018266,-0.037056,-0.028686,-0.037194,-0.048673,0.036236,-0.016618,-0.012705,-0.031976,-0.042716
5.02,-0.048259,-0.029504,0.003662,-0.041409,-0.007848,-0.031643,-0.041624,0.060216,0.043555,0.010098,-0.039136,-0.025713,-0.024411,0.050662,-0.044764,-0.034593,-0.043152,0.054142,-0.016456,0.002905,0.020655,-0.037859,-0.029788,-0.035919,-0.048683,0.033379,-0.018333,-0.010474,-0.03273,-0.043107
5.03,-0.048329,-0.030793,0.006126,-0.041906,-0.009864,-0.032454,-0.040765,0.060319,0.045427,0.007277,-0.039397,-0.027055,-0.02246,0.048443,-0.045053,-0.035146,-0.042919,0.055153,-0.018335,0.000467,0.023071,-0.038628,-0.030832,-0.034534,-0.048658,0.030497,-0.019974,-0.008152,-0.033442,-0.043467
5.04,-0.048305,-0.031984,0.0086,-0.042305,-0.011807,-0.033249,-0.039873,0.060308,0.047216,0.004549,-0.039656,-0.02833,-0.02047,0.046138,-0.045253,-0.035687,-0.042673,0.056065,-0.020102,-0.001915,0.025476,-0.039303,-0.031832,-0.033123,-0.048529,0.027607,-0.021542,-0.005787,-0.034141,-0.043741
5.05,-0.048197,-0.033092,0.011048,-0.042639,-0.013638,-0.03404,-0.038982,0.060158,0.04888,0.001928,-0.039947,-0.029536,-0.018477,0.043764,-0.045404,-0.036262,-0.04244,0.056852,-0.021758,-0.004184,0.027827,-0.039897,-0.032799,-0.031703,-0.048331,0.024735,-0.02302,-0.00343,-0.034838,-0.043967
5.06,-0.048055,-0.034213,0.013539,-0.043007,-0.015384,-0.034798,-0.038001,0.059846,0.050452,-0.000665,-0.040202,-0.030673,-0.016387,0.041276,-0.045574,-0.036804,-0.042138,0.057525,-0.023414,-0.006365,0.030186,-0.040505,-0.033716,-0.030191,-0.048119,0.021816,-0.024412,-0.000992,-0.035511,-0.044227
5.06,-0.047875,-0.035327,0.01607,-0.043382,-0.017057,-0.035493,-0.036901,0.059394,0.051932,-0.003229,-0.040368,-0.031721,-0.014197,0.038683,-0.045745,-0.037288,-0.041724,0.058087,-0.025054,-0.008482,0.03254,-0.041119,-0.034556,-0.028555,-0.047878,0.018876,-0.025721,0.001532,-0.036121,-0.044499
5.07,-0.047607,-0.036333,0.01859,-0.043678,-0.018669,-0.036181,-0.035774,0.058809,0.053321,-0.005657,-0.040531,-0.032716,-0.011968,0.03605,-0.045844,-0.037768,-0.041298,0.058548,-0.026571,-0.010547,0.034855,-0.041631,-0.035367,-0.026886,-0.047562,0.015995,-0.026975,0.004077,-0.036714,-0.044707
5.08,-0.047279,-0.037232,0.021093,-0.043904,-0.020235,-0.036887,-0.034644,0.058093,0.054605,-0.007961,-0.040724,-0.033681,-0.009713,0.033385,-0.045871,-0.038296,-0.040883,0.058903,-0.027976,-0.012547,0.037125,-0.042063,-0.036181,-0.025196,-0.047183,0.013183,-0.028184,0.006636,-0.03735,-0.044853
5.09,-0.046957,-0.038126,0.023587,-0.044156,-0.021703,-0.037558,-0.033441,0.057211,0.055787,-0.010222,-0.040867,-0.034564,-0.007398,0.030651,-0.04591,-0.038784,-0.040411,0.059152,-0.029363,-0.014448,0.03934,-0.042507,-0.036931,-0.02342,-0.046789,0.010381,-0.029297,0.009233,-0.037946,-0.045022
5.1,-0.046636,-0.039025,0.026082,-0.044418,-0.023082,-0.038158,-0.032134,0.056143,0.056857,-0.012462,-0.040924,-0.035341,-0.004994,0.027834,-0.045966,-0.03921,-0.039837,0.059282,-0.030755,-0.016251,0.041499,-0.042982,-0.037592,-0.021538,-0.046394,0.007567,-0.030302,0.01187,-0.038462,-0.045202
5.1,-0.046254,-0.039831,0.028558,-0.044617,-0.024408,-0.038725,-0.030762,0.05491,0.057803,-0.014601,-0.040954,-0.036062,-0.002533,0.024999,-0.045956,-0.039619,-0.039234,0.059304,-0.032059,-0.017996,0.043584,-0.043383,-0.038222,-0.019596,-0.045915,0.004811,-0.031252,0.014531,-0.038965,-0.04531
5.11,-0.045785,-0.040533,0.030982,-0.044739,-0.025721,-0.039327,-0.029384,0.053555,0.058617,-0.016597,-0.041012,-0.036769,-6.40E-05,0.02221,-0.045865,-0.040076,-0.03863,0.059237,-0.033236,-0.019711,0.045572,-0.043698,-0.038856,-0.017636,-0.045338,0.002181,-0.032186,0.017163,-0.039499,-0.045344
5.12,-0.045285,-0.041215,0.033373,-0.044853,-0.026985,-0.039906,-0.027949,0.052062,0.059291,-0.018525,-0.041047,-0.037435,0.002448,0.019432,-0.045763,-0.040513,-0.037991,0.059076,-0.034369,-0.02136,0.047472,-0.044014,-0.039463,-0.015622,-0.044711,-0.000394,-0.033063,0.019778,-0.040023,-0.045371
5.13,-0.044755,-0.041899,0.035745,-0.044983,-0.028149,-0.040399,-0.026395,0.050383,0.059794,-0.02044,-0.040985,-0.03799,0.005043,0.016611,-0.045673,-0.040867,-0.037245,0.058776,-0.035503,-0.022894,0.049291,-0.044345,-0.039971,-0.013495,-0.044061,-0.002964,-0.033827,0.022419,-0.040461,-0.045412
5.14,-0.044174,-0.042534,0.038055,-0.045081,-0.029226,-0.040824,-0.024767,0.048552,0.060129,-0.022281,-0.04087,-0.038458,0.007666,0.013811,-0.045541,-0.041165,-0.036425,0.058349,-0.036571,-0.024337,0.050998,-0.04463,-0.040399,-0.011307,-0.043323,-0.005466,-0.034507,0.025016,-0.040848,-0.045421
5.14,-0.043472,-0.04308,0.040309,-0.045096,-0.030322,-0.041282,-0.023127,0.046603,0.060333,-0.024009,-0.040781,-0.038944,0.010303,0.011068,-0.045322,-0.041483,-0.035612,0.057819,-0.037538,-0.025785,0.05263,-0.044834,-0.040847,-0.009092,-0.042461,-0.007868,-0.035208,0.027577,-0.041275,-0.045342
5.15,-0.042721,-0.04355,0.042503,-0.045068,-0.031413,-0.041748,-0.021439,0.044554,0.060425,-0.025638,-0.040697,-0.03943,0.012951,0.00839,-0.045064,-0.041815,-0.034784,0.057199,-0.038424,-0.027218,0.054187,-0.044989,-0.041304,-0.006828,-0.041546,-0.010172,-0.035899,0.030105,-0.041715,-0.045218
5.16,-0.041969,-0.044034,0.044638,-0.045069,-0.032409,-0.042129,-0.019638,0.042376,0.060395,-0.027241,-0.040516,-0.03982,0.015651,0.005722,-0.044813,-0.042054,-0.033842,0.056451,-0.039302,-0.028541,0.055655,-0.045161,-0.041658,-0.004467,-0.040614,-0.012429,-0.036497,0.032621,-0.042075,-0.045112
5.17,-0.041179,-0.044492,0.046687,-0.04505,-0.03331,-0.042402,-0.01775,0.04008,0.060243,-0.028804,-4.03E-02,-0.040114,0.018365,0.003076,-0.044538,-0.042199,-0.032811,0.055577,-0.04016,-0.029766,0.05701,-0.045309,-0.041911,-0.00204,-0.039627,-0.014648,-0.037001,0.035103,-0.04234,-0.044975
5.18,-0.040296,-0.044857,0.048645,-0.044948,-0.034201,-0.042698,-0.015848,0.037712,0.059985,-0.030263,-0.039998,-0.040403,0.021054,0.000502,-0.044189,-0.042367,-0.031786,0.054596,-0.040911,-0.030974,0.05824,-0.045377,-0.042177,0.000407,-0.038553,-0.016761,-0.037502,0.037538,-0.042628,-0.044751
5.18,-0.039363,-0.04516,0.050508,-0.044804,-0.035104,-0.043033,-0.013924,0.03532,0.059636,-0.031602,-0.039764,-0.040723,0.023718,-0.001967,-0.04378,-0.042565,-0.030757,0.053525,-0.041583,-0.032189,0.059329,-0.045391,-0.042464,0.002862,-0.037435,-0.018745,-0.038033,0.039921,-0.04295,-0.044483
5.19,-0.038408,-0.045462,0.052305,-0.044678,-0.035946,-0.043286,-0.011892,0.032857,0.059188,-0.032922,-0.039434,-0.040984,0.026409,-0.004407,-0.043373,-0.042684,-0.02962,0.052343,-0.042258,-0.033344,0.060286,-0.045416,-0.042684,0.005409,-0.03629,-0.020692,-0.038506,0.042288,-0.043194,-0.044226
5.2,-0.037403,-0.045762,0.054037,-0.044537,-0.036682,-0.043431,-0.009748,0.030323,0.058614,-0.034224,-0.039,-0.041138,0.029125,-0.006837,-0.042934,-0.042703,-0.028377,0.051023,-0.042919,-0.034394,0.061101,-0.045437,-0.042796,0.008038,-0.035094,-0.022615,-0.03888,0.044625,-0.04333,-0.043936
5.21,-0.036324,-0.045999,0.055667,-0.044343,-0.037381,-0.043576,-0.007576,0.027767,0.057924,-0.035425,-0.038549,-0.041271,0.031796,-0.009186,-0.042428,-0.042714,-0.027109,0.049595,-0.043502,-0.035395,0.061751,-0.045398,-0.042896,0.010678,-0.033825,-0.024437,-0.039235,0.046864,-0.043461,-0.043583
5.22,-0.035181,-0.046179,0.05719,-0.044111,-0.038107,-0.043749,-0.005404,0.025237,0.057142,-0.036524,-0.038114,-0.041445,0.034408,-0.011417,-0.041867,-0.042745,-0.025834,0.048084,-0.044009,-0.036414,0.062246,-0.045312,-0.043033,0.013305,-0.032503,-0.026143,-0.039628,0.048981,-0.043615,-0.043191
5.22,-0.033972,-0.046342,0.058617,-0.043857,-0.038793,-0.043876,-0.00315,0.022678,0.056256,-0.037587,-0.037599,-0.041586,0.036995,-0.013608,-0.041277,-0.042723,-0.024485,0.046463,-0.044488,-0.0374,0.062592,-0.045219,-0.043129,0.015982,-0.031123,-0.027793,-0.039999,0.050993,-0.043723,-0.042768
5.23,-0.032708,-0.046498,0.059919,-0.043595,-0.039381,-0.043899,-0.000797,0.020111,0.055272,-0.038619,-0.036979,-0.041636,0.039542,-0.015756,-0.040647,-0.042586,-0.023028,0.044733,-0.044956,-0.038279,0.062793,-0.045119,-0.043126,0.018708,-0.029678,-0.029407,-0.040282,0.052879,-0.043722,-0.042325
5.24,-0.031363,-0.046603,0.061068,-0.043297,-0.039926,-0.043873,0.001614,0.017539,0.054191,-0.039586,-0.036299,-0.041654,0.042023,-0.017836,-0.039958,-0.042395,-0.021495,0.042902,-0.045367,-0.039112,0.062847,-0.044972,-0.04308,0.021466,-0.028164,-0.030942,-0.040532,0.054629,-0.043668,-0.041826
5.25,-0.029934,-0.046632,0.062035,-0.042939,-0.040493,-0.043874,0.004037,0.014998,0.053026,-0.040453,-0.035621,-0.041713,0.044399,-0.019808,-0.039202,-0.042227,-0.019958,0.040994,-0.045692,-0.039954,0.06276,-0.044767,-0.043071,0.024201,-0.026561,-0.032365,-0.040826,0.056223,-0.04364,-0.041278
5.26,-0.028446,-0.046628,0.062824,-0.042547,-0.041037,-0.043848,0.00649,0.012485,0.051777,-0.041268,-0.034917,-0.041765,0.046665,-0.021705,-0.038392,-0.042026,-0.018382,0.039009,-0.045993,-0.04076,0.062543,-0.04454,-0.043047,0.026914,-0.024906,-0.033714,-0.041115,0.05767,-0.043588,-0.040689
5.26,-0.026898,-0.04662,0.063462,-0.042152,-0.041493,-0.043704,0.009038,0.009947,0.050428,-0.042075,-0.034089,-0.041738,0.048862,-0.023579,-0.037543,-0.041701,-0.016678,0.036918,-0.0463,-0.041479,0.0622,-0.04431,-0.042925,0.029663,-0.023182,-0.035051,-0.041324,0.059013,-0.043416,-0.040085
5.27,-0.025288,-0.046564,0.063945,-0.04171,-0.0419,-0.043486,0.011649,0.007447,0.048996,-0.042817,-0.033171,-0.041668,0.050973,-0.025375,-0.036641,-0.041303,-0.01489,0.034768,-0.046564,-0.04214,0.061741,-0.044042,-0.042744,0.032406,-0.021381,-0.036306,-0.041495,0.060245,-0.04317,-0.039431
5.28,-0.023597,-0.046431,0.064285,-0.04121,-0.042325,-0.043292,0.014277,0.005005,0.047498,-0.043462,-0.032251,-0.041638,0.052976,-0.027052,-0.035668,-0.040914,-0.013088,0.03258,-0.046754,-0.042789,0.061173,-0.043705,-0.042599,0.035105,-0.019498,-0.037444,-0.041704,0.061361,-0.042937,-0.038714
5.29,-0.021849,-0.04626,0.064472,-0.040666,-0.042734,-0.043083,0.01691,0.002605,0.045919,-0.044053,-0.031306,-0.041621,0.054853,-0.028646,-0.034643,-0.040504,-0.011252,0.030344,-0.046905,-0.043408,0.060475,-0.043343,-0.042459,0.037744,-0.017546,-0.038513,-0.041922,0.062357,-0.042692,-0.037954
5.3,-0.020051,-0.046084,0.06451,-0.040117,-0.043065,-0.042761,0.019615,0.000194,0.044238,-0.044638,-0.030238,-0.041535,0.05662,-0.030228,-0.033578,-0.039972,-0.009301,0.028023,-0.047054,-0.04392,0.05963,-0.042972,-0.042231,0.040365,-0.015527,-0.039569,-0.04207,0.063237,-0.042334,-0.037166
5.3,-0.018195,-0.045873,0.064418,-0.039518,-0.043331,-0.042362,0.022377,-0.0022,0.042474,-0.045191,-0.029058,-0.041398,0.058268,-0.031746,-0.032466,-0.039336,-0.007249,0.025653,-0.047164,-0.04435,0.058663,-0.042572,-0.04193,0.042951,-0.013445,-0.040575,-0.042163,0.064007,-0.041878,-0.03633
5.31,-0.016269,-0.045608,0.064206,-0.038867,-0.043613,-0.041978,0.025127,-0.00449,0.04068,-0.045639,-0.027857,-0.041304,0.059757,-0.033146,-0.031293,-0.038692,-0.00517,0.0233,-0.047189,-0.044761,0.057605,-0.042131,-0.041661,0.045452,-0.011292,-0.041466,-0.042288,0.064651,-0.041431,-0.035433
5.32,-0.01426,-0.045297,0.063853,-0.038159,-0.043905,-0.0416,0.027858,-0.006719,0.038831,-0.046029,-0.026624,-0.041244,0.061081,-0.034451,-0.030041,-0.038031,-0.003049,0.020934,-0.047155,-0.045145,0.056442,-0.041624,-0.041416,0.047839,-0.009053,-0.042278,-0.042435,0.065144,-0.040977,-0.034465
5.33,-0.012203,-0.044972,0.063363,-0.037411,-0.044106,-0.04114,0.03057,-0.008937,0.036902,-0.046396,-0.025296,-0.041118,0.062231,-0.035735,-0.028744,-0.037261,-0.000855,0.018531,-0.047101,-0.045391,0.055168,-0.04111,-0.041095,0.050098,-0.006768,-0.043066,-0.042504,0.065468,-0.04042,-0.033465
5.34,-0.010083,-0.044647,0.062732,-0.03664,-0.044219,-0.040574,0.033277,-0.011144,0.034888,-0.046747,-0.023837,-0.040924,0.063236,-0.036994,-0.027407,-0.036367,0.001444,0.016084,-0.047038,-0.045513,0.053787,-0.04058,-0.040684,0.052235,-0.004433,-0.043827,-0.042498,0.065635,-0.039749,-0.032434
5.34,-0.007877,-0.044283,0.061994,-0.035809,-0.04434,-0.040016,0.035948,-0.013258,0.03285,-0.047032,-0.022324,-0.040769,0.064098,-0.038166,-0.025999,-0.035438,0.0038,0.013667,-0.046919,-0.045603,0.052354,-0.040007,-0.040303,0.054229,-0.002028,-0.044507,-0.042515,0.065658,-0.039065,-0.031341
5.35,-0.005593,-0.043847,0.061149,-0.034906,-0.044474,-0.039481,0.03854,-0.015269,0.030806,-0.047223,-0.020786,-0.040659,0.0648,-0.039231,-0.024513,-0.034505,0.006179,0.011307,-0.046725,-0.045656,0.050869,-0.039361,-0.039959,0.056043,0.000444,-0.045085,-0.042562,0.065528,-0.038385,-0.030172
5.36,-0.003228,-0.043393,0.060157,-0.033945,-0.044518,-0.038866,0.041079,-0.017254,0.028687,-0.047382,-0.019148,-0.040495,0.065337,-0.040263,-0.022959,-0.03347,0.008628,0.008918,-0.046508,-0.045561,0.049287,-0.038677,-0.039552,0.057696,0.002983,-0.045619,-0.042538,0.06522,-0.037609,-0.028929
5.37,-0.000786,-0.042941,0.059022,-0.032956,-0.044451,-0.038144,0.043577,-0.019235,0.026495,-0.047543,-0.017367,-0.040254,0.065704,-0.041295,-0.021359,-0.032301,0.011172,0.006507,-0.0463,-0.045296,0.047602,-0.037992,-0.039062,0.059204,0.005583,-0.046161,-0.042423,0.064737,-0.036703,-0.027652
5.38,0.001712,-0.042459,0.057787,-0.031924,-0.044363,-0.037403,0.046009,-0.02114,0.024292,-0.047655,-0.015519,-0.040029,0.065925,-0.042256,-0.019704,-0.03109,0.013759,0.004137,-0.046057,-0.044942,0.045871,-0.037274,-0.03858,0.06056,0.008232,-0.046631,-0.042309,0.064119,-0.035777,-0.026329
5.38,0.00428,-0.041909,0.056468,-0.030817,-0.04428,-0.036691,0.048324,-0.022905,0.022122,-0.047674,-0.013645,-0.039854,0.065989,-0.043084,-0.017976,-0.029871,0.016359,0.001857,-0.045734,-0.044521,0.044124,-0.036477,-0.038156,0.061746,0.010923,-0.046998,-0.042231,0.063369,-0.034861,-0.02492
5.39,0.006935,-0.041309,0.055022,-0.029643,-0.044115,-0.035905,0.050529,-0.024626,0.01991,-0.04764,-0.011666,-0.03963,0.065882,-0.043845,-0.01616,-0.028554,0.019005,-0.000407,-0.045369,-0.043936,0.042301,-0.035626,-0.037669,0.062769,0.013702,-0.047309,-0.042092,0.062465,-0.033854,-0.023427
5.4,0.009652,-0.040711,0.053463,-0.028445,-0.04381,-0.03502,0.052607,-0.026339,0.017652,-0.047623,-0.009563,-0.039328,0.065619,-0.044599,-0.014286,-0.027121,0.021707,-0.002684,-0.045021,-0.043126,0.040405,-0.034771,-0.037112,0.063627,0.016529,-0.047627,-0.041849,0.061418,-0.032734,-0.021889
5.41,0.012422,-0.0401,0.051809,-0.027205,-0.043451,-0.034091,0.054543,-0.027995,0.015384,-0.047585,-0.007373,-0.039017,0.06521,-0.045305,-0.012348,-0.025602,0.024442,-0.004932,-0.044648,-0.04215,0.038466,-0.033881,-0.036533,0.064311,0.019398,-0.04792,-0.041588,0.060246,-0.031558,-0.020296
5.42,0.015224,-0.039409,0.050106,-0.025894,-0.043079,-0.033173,0.05629,-0.029513,0.013167,-0.047451,-0.005153,-0.038732,0.06466,-0.045877,-0.010339,-0.024076,0.027146,-0.007073,-0.044199,-0.041052,0.036532,-0.032923,-0.035991,0.064794,0.022287,-0.0481,-0.04135,0.058971,-0.030385,-0.018629
5.42,0.018083,-0.038659,0.048324,-0.024508,-0.042621,-0.032208,0.057852,-0.030951,0.010947,-0.04726,-0.002837,-0.038424,0.06397,-0.046372,-0.008239,-0.022464,0.02985,-0.009165,-0.043682,-0.039743,0.034559,-0.031896,-0.035423,0.06509,0.025221,-0.048209,-0.04107,0.057581,-0.029153,-0.016879
5.43,0.02098,-0.037908,0.046465,-0.023087,-0.042025,-0.031141,0.059236,-0.032383,0.008697,-0.047079,-0.00041,-0.03803,0.063146,-0.046876,-0.006069,-0.020726,0.032568,-0.011259,-0.043179,-0.038202,0.032535,-0.030851,-0.034771,0.065204,0.028185,-0.048325,-0.040687,0.056084,-0.027795,-0.015075
5.44,0.023897,-0.037155,0.044556,-0.021625,-0.041326,-0.030009,0.060429,-0.033758,0.006452,-0.046889,0.002096,-0.037582,0.062199,-0.047351,-0.00384,-0.018901,0.035258,-0.013311,-0.042664,-0.036598,0.030484,-0.029788,-0.034077,0.065146,0.031167,-0.048419,-0.040254,0.054494,-0.026369,-0.013223
5.45,0.026827,-0.036329,0.042617,-0.020099,-0.040586,-0.028884,0.061429,-0.035016,0.004264,-0.046617,0.004631,-0.037164,0.061136,-0.047718,-0.001539,-0.017048,0.037881,-0.01526,-0.042085,-0.035183,0.028438,-0.028659,-0.033403,0.064921,0.034156,-0.048413,-0.039829,0.052827,-0.024935,-0.011296
5.46,0.029795,-0.035419,0.040635,-0.018464,-0.039765,-0.027721,0.06226,-0.036198,0.002094,-0.046273,0.00723,-0.036719,0.05996,-0.048011,0.000864,-0.015124,0.040478,-0.017152,-0.041416,-0.03408,0.026368,-0.027442,-0.032712,0.064545,0.037174,-0.048326,-0.039377,0.051084,-0.023447,-0.009263
5.46,0.032739,-0.034514,0.038618,-0.016803,-0.03881,-0.026474,0.062916,-0.037349,-6.90E-05,-0.045929,0.0099,-0.036201,0.058685,-0.048288,0.00332,-0.013087,0.043022,-0.019006,-0.040755,-0.03332,0.024278,-0.026216,-0.031948,0.064026,0.04015,-0.048234,-0.038833,0.049276,-0.021862,-0.007193
5.47,0.035675,-0.03361,0.036554,-0.015111,-0.037713,-0.025146,0.063396,-0.03848,-0.002232,-0.045595,0.01266,-0.0356,0.057307,-0.048548,0.005815,-0.010938,0.045518,-0.020836,-0.04011,-0.03281,0.022152,-0.02497,-0.031113,0.063372,0.043079,-0.048145,-0.038209,0.047398,-0.020186,-0.005075
5.48,0.03861,-0.032637,0.034476,-0.013326,-0.03653,-0.023789,0.063645,-0.039532,-0.004339,-0.045191,0.01544,-0.034987,0.055822,-0.048718,0.008401,-0.008749,0.047889,-0.022589,-0.039388,-0.032434,0.020033,-0.023646,-0.030266,0.062568,0.045928,-0.047977,-0.037543,0.045475,-0.018474,-0.002867
5.49,0.041546,-0.031577,0.032377,-0.011439,-0.035284,-0.022413,0.063653,-0.040485,-0.006389,-0.044693,0.018246,-0.034358,0.054229,-0.048782,0.011063,-0.006508,0.050104,-0.024252,-0.038583,-0.032024,0.01792,-0.022233,-0.029408,0.061617,4.87E-02,-0.047722,-0.036859,0.043497,-0.016727,-0.000564
5.5,0.044478,-0.030497,0.030233,-0.009491,-0.033919,-0.020948,0.063444,-0.041417,-0.008441,-0.044189,0.021134,-0.033655,0.05252,-0.048823,0.013785,-0.004158,0.052168,-0.025894,-0.037763,-0.031419,0.015774,-0.02077,-0.028476,0.060537,0.051311,-0.047454,-0.0361,0.041452,-0.014882,0.001802
5.5,0.047318,-0.029436,0.02809,-0.007535,-0.032439,-0.019419,0.063044,-0.042336,-0.010461,-0.043705,0.02406,-0.032882,0.050739,-0.048869,0.016504,-0.001729,0.054044,-0.027504,-0.03697,-0.030571,0.013638,-0.019318,-0.027482,0.059355,0.053787,-0.047208,-0.035251,0.039387,-0.012969,0.004184
5.51,0.050106,-0.028315,0.025918,-0.00548,-0.030847,-0.017827,0.062454,-0.043182,-0.012445,-0.043176,0.027054,-0.032058,0.04885,-0.048851,0.019301,0.000775,0.055743,-0.029055,-0.036123,-0.029563,0.011492,-0.017781,-0.026439,0.058032,0.056199,-0.046889,-0.034331,0.037261,-0.01098,0.006659
5.52,0.052764,-0.02711,0.023768,-0.003333,-0.029215,-0.016222,0.0617,-0.043906,-0.014347,-0.042546,0.030038,-0.031208,0.046897,-0.048734,0.022141,0.003308,0.057213,-0.030494,-0.035183,-0.028561,0.009384,-0.016162,-0.025379,0.056597,0.058499,-0.046479,-0.03337,0.03512,-0.008969,0.009215
5.53,0.055296,-0.02585,0.021606,-0.001105,-0.027557,-0.014543,0.060819,-0.044597,-0.016227,-0.041895,0.033056,-0.030285,0.044872,-0.04859,0.025035,0.005909,0.058469,-0.031899,-0.034202,-0.027687,0.007269,-0.014467,-0.024256,0.055058,0.060669,-0.046039,-0.03233,0.032941,-0.006883,0.011842
5.54,0.057649,-0.024619,0.019445,0.001145,-0.025997,-0.012785,0.059833,-0.045274,-0.018077,-0.041275,0.036068,-0.029289,0.042799,-0.048463,0.027934,0.008598,0.059495,-0.033277,-0.033252,-0.027063,0.005159,-0.012777,-0.023051,0.053435,0.062613,-0.045614,-0.031207,0.030745,-0.00471,0.014493
5.54,0.059835,-0.023354,0.017278,0.003463,-0.024638,-0.010956,0.058725,-0.045888,-0.019885,-0.040611,0.039042,-0.02822,0.040663,-0.04829,0.030882,0.011363,0.060282,-0.034589,-0.032264,-2.67E-02,0.003055,-0.011035,-0.021776,0.051712,0.064309,-0.045155,-0.029994,0.028524,-0.002462,0.017203
5.55,0.061841,-0.021986,0.015126,0.005884,-0.023599,-0.009098,0.0575,-0.046409,-0.021624,-0.039855,0.041914,-0.027112,0.038485,-4.80E-02,0.033904,0.01416,0.060819,-0.035812,-0.03118,-0.02674,0.000982,-0.009183,-0.020471,0.049912,0.065764,-0.044588,-0.028724,0.026296,-0.000182,0.020004
5.56,0.063676,-0.02055,0.012969,0.008413,-0.022895,-0.007174,0.056158,-0.046874,-0.023321,-0.039052,0.044723,-0.025943,0.036257,-0.047684,0.036991,0.01703,0.061151,-0.036976,-0.030037,-0.026989,-0.001079,-0.007239,-0.019109,0.048038,0.067033,-0.043976,-0.027395,0.024045,0.002174,0.022893
5.57,0.065304,-0.019139,0.01083,0.010954,-0.022464,-0.005172,0.054721,-0.047332,-0.024983,-0.038263,0.047456,-0.024696,0.034015,-0.047363,0.040052,0.019974,0.061287,-0.038106,-0.028916,-0.027339,-0.00312,-0.005291,-0.017655,0.046117,0.068087,-0.043376,-0.025982,0.021801,0.0046,0.025798
5.58,0.066692,-0.017692,0.008701,0.01354,-0.022192,-0.003094,0.053194,-0.047749,-0.026604,-0.037451,0.050089,-0.023366,0.031753,-0.047008,0.043056,0.022986,0.061228,-0.039187,-0.027774,-0.027644,-0.005143,-0.003305,-0.016128,0.044144,0.068871,-0.042754,-0.024477,0.01956,0.0071,0.02873
5.58,0.067832,-0.016167,0.006584,0.016224,-0.021969,-0.000959,0.051563,-0.048081,-0.028167,-0.036555,0.052582,-0.021978,0.029471,-0.046553,0.046003,0.026049,0.060954,-0.040184,-0.026547,-0.02783,-0.007132,-0.001218,-0.014531,0.04211,0.06939,-0.04205,-0.022911,0.017315,0.009651,0.031734
5.59,0.068696,-0.01456,0.004493,0.018981,-0.021693,0.001222,0.049851,-0.048335,-0.029649,-0.035605,0.054875,-0.020538,0.027186,-0.046041,0.048846,0.029135,0.060477,-0.041102,-0.025261,-0.027846,-0.009076,0.000959,-0.012887,0.040032,0.069611,-0.041288,-0.021306,0.015085,0.012244,0.034779
5.6,0.069268,-0.012942,0.002412,0.021771,-0.02126,0.003478,0.048078,-0.048571,-0.03111,-0.034656,0.056961,-0.019023,0.024901,-0.04552,0.05157,0.032247,0.05981,-0.04199,-0.023964,-0.027648,-0.011002,0.003175,-0.011158,0.037918,0.069517,-0.040528,-0.019641,0.012861,0.014897,0.037815
5.61,0.069554,-0.01131,0.000336,0.024591,-0.020632,0.005811,0.046238,-0.048774,-0.032527,-0.033702,0.058827,-0.017413,0.022623,-0.044985,0.054181,0.03537,0.058977,-0.042845,-0.022657,-0.027237,-0.012912,0.005421,-0.009329,0.035771,0.069119,-0.039764,-0.017922,0.01065,0.017623,0.040816
5.62,0.069598,-0.009601,-0.001711,0.027469,-0.019855,0.00821,0.044328,-0.048904,-0.03387,-0.032687,0.060471,-0.015736,0.02035,-0.044382,0.056712,0.038464,0.057978,-0.043626,-0.02129,-0.026643,-0.014775,0.007747,-0.00743,0.033589,0.068463,-0.03894,-0.016183,0.008459,0.020388,0.043779
5.62,0.069416,-0.007797,-0.003736,0.030424,-0.018997,0.010664,0.042349,-0.048961,-0.035151,-0.031593,0.061891,-0.013995,0.018081,-0.043701,0.059173,0.041529,0.05682,-0.044351,-0.019829,-0.025917,-0.0166,0.010188,-0.005457,0.031371,0.067572,-0.038045,-0.014435,0.006285,0.02319,0.046702
5.63,0.06899,-0.005986,-0.005724,0.033362,-0.018138,0.013159,0.04035,-0.04898,-0.036365,-0.030493,0.063077,-0.012205,0.015845,-0.043012,0.061461,0.044535,0.055554,-0.04503,-0.018365,-0.025101,-0.018383,0.012642,-0.003428,0.02916,0.066483,-0.037146,-0.012726,0.004151,0.025999,0.049508
5.64,0.068289,-0.00415,-0.007714,0.036326,-0.017298,0.015742,0.0383,-0.048983,-0.037551,-0.029392,0.064019,-0.010313,0.013608,-0.042314,0.063572,0.04754,0.05416,-0.045685,-0.016887,-0.024174,-0.020158,0.015151,-0.001291,0.026915,0.065195,-0.036242,-0.011024,0.002016,0.028875,0.052261
5.65,0.06732,-0.002244,-0.009668,0.0393,-0.01652,0.01838,0.036226,-0.048931,-0.038678,-0.028247,0.064679,-0.008339,0.011394,-0.04157,0.065446,0.05048,0.052657,-0.046294,-0.015356,-0.02316,-0.021879,0.01772,0.000928,0.024678,0.063736,-0.0353,-0.009355,-8.40E-05,0.031771,0.054961
5.66,0.066117,-0.000247,-0.011592,0.042303,-0.015865,0.021079,0.03412,-0.048797,-0.039739,-0.027011,0.065071,-0.006299,0.009191,-0.040747,0.067065,0.053357,0.05105,-0.046824,-0.01373,-0.022124,-0.02356,0.020385,0.003233,0.022433,0.062119,-0.034277,-0.007765,-0.002157,0.03471,0.057632
5.66,0.064724,0.001769,-0.013461,0.045264,-0.015335,0.023795,0.032021,-0.048616,-0.04074,-0.025757,0.06521,-0.004231,0.007033,-0.039899,0.068391,0.056091,0.049381,-0.047304,-0.012094,-0.021097,-0.025189,0.02306,0.005572,0.020218,0.060376,-0.033234,-0.006303,-0.004172,0.037646,0.060171
5.67,0.063133,0.003823,-0.015322,0.048217,-0.014846,0.026602,0.029875,-0.048427,-0.041726,-0.024501,0.065106,-0.002059,0.004872,-0.039048,0.069448,0.058701,0.047616,-0.047763,-0.010432,-0.020029,-0.026794,0.02578,0.00802,0.017981,0.058491,-0.032189,-0.004915,-0.006179,0.040638,0.062528
5.68,0.061384,0.005918,-0.017157,0.051108,-0.014365,0.029461,0.027724,-0.048196,-0.042673,-0.023221,0.064772,0.000192,0.002734,-0.038164,0.070228,0.061125,0.045802,-0.048186,-0.008738,-0.018943,-0.028374,0.028527,0.010553,0.015754,0.056507,-0.031117,-0.003626,-0.008162,0.043638,0.064605
5.69,0.059483,0.008108,-0.018948,0.053949,-0.013864,0.03238,0.025561,-0.04788,-0.043568,-0.021849,0.064219,0.0025,0.000621,-0.037189,0.070744,0.063341,0.043943,-0.048529,-0.006958,-0.017866,-0.029906,0.031342,0.013163,0.013541,0.054422,-0.029958,-0.002451,-0.010109,0.046634,0.066432
5.7,0.057469,0.010335,-0.020658,0.056663,-0.013319,0.035301,0.023419,-0.047515,-0.044387,-0.020449,0.063451,0.004822,-0.001424,-0.036176,0.070982,0.065279,0.042062,-0.048807,-0.005147,-0.016817,-0.031357,0.034175,0.0158,0.011375,0.05227,-0.028769,-0.0014,-0.011976,0.049538,0.068001
5.7,0.05534,0.012585,-0.022355,0.059221,-0.012646,0.038261,0.02126,-0.04713,-0.045182,-0.019045,0.062481,0.007218,-0.003463,-0.035147,0.070917,0.066953,0.040138,-0.049056,-0.003319,-0.015748,-0.032784,0.037023,0.018525,0.009206,0.050037,-0.027575,-0.000409,-0.013832,0.052358,0.069325
5.71,0.053126,0.01488,-0.024055,0.06161,-0.011794,0.04126,0.019078,-0.046713,-0.045965,-0.0176,0.061324,0.009691,-0.005507,-0.034083,0.070549,0.068368,0.038172,-0.049285,-0.001454,-0.014629,-0.034219,0.039901,0.02135,0.007022,0.047739,-0.026354,0.000574,-0.015694,0.055085,0.070383
5.72,0.050886,0.017243,-0.025686,0.063824,-0.010777,0.04423,0.016925,-0.046248,-0.046677,-0.016112,0.060017,0.012189,-0.007495,-0.032972,0.069913,0.069497,0.036208,-0.049443,0.000465,-0.013481,-0.035577,0.042804,0.024214,0.004884,0.045436,-0.025091,0.001547,-0.017497,0.057669,0.071173
5.73,0.048635,0.019658,-0.027252,0.065856,-0.009616,0.047168,0.014806,-0.045695,-0.047305,-0.014557,0.058571,0.014696,-0.00942,-0.031797,0.069047,0.070352,0.034237,-0.049518,0.002437,-0.012318,-0.036858,0.045719,0.027118,0.002799,0.043114,-0.023765,0.002528,-0.019233,0.060125,0.071689
5.74,0.046346,0.02211,-0.028781,0.067656,-0.008299,0.050072,0.012704,-0.045108,-0.047883,-0.012978,0.056999,0.017229,-0.011317,-0.030595,0.06794,0.070938,0.032256,-0.049555,0.004437,-0.011114,-0.038102,0.048596,0.030075,0.000737,0.040768,-0.022421,0.003561,-0.020935,0.062454,0.071912
5.74,0.044032,0.024568,-0.030303,0.069202,-0.006808,0.052902,0.010614,-0.044505,-0.04845,-0.011394,0.055324,0.019769,-0.013196,-0.029402,0.066618,0.071263,0.030265,-0.049586,0.00644,-0.009834,-0.039316,0.051387,0.033072,-0.001306,0.038422,-0.021085,0.004688,-0.022621,0.064609,0.071843
5.75,0.041683,0.027085,-0.031793,0.070533,-0.005157,0.055659,0.008531,-0.043853,-0.048974,-0.009758,0.053542,0.022348,-0.015048,-0.028169,0.065092,0.071325,0.02825,-0.049573,0.008494,-0.008471,-0.040488,0.054131,0.036133,-0.003332,0.036052,-0.0197,0.00593,-0.024286,0.066569,0.07148
5.76,0.039351,0.02964,-0.033211,0.071636,-0.003416,0.058266,0.006511,-0.043123,-0.049409,-0.008075,0.051709,0.024887,-0.016819,-0.026875,0.063414,0.071126,0.026266,-0.049473,0.010591,-0.007079,-0.041564,0.056802,0.03919,-0.005284,0.033724,-0.018272,0.00725,-0.025866,0.068251,0.07082
5.77,0.037007,0.032249,-0.034568,0.07248,-0.001585,0.060734,0.004533,-0.04233,-0.049787,-0.006336,0.049824,0.027422,-0.018539,-0.025542,0.061584,0.070673,0.024292,-0.049319,0.012739,-0.005628,-0.042582,0.05943,0.042264,-0.007186,0.031419,-0.016793,0.00867,-0.027396,0.069641,0.069893
5.78,0.034651,0.034867,-0.035921,0.072991,0.000347,0.063083,0.002567,-0.041517,-0.050158,-0.004576,0.047883,0.029958,-0.020246,-0.024205,0.059602,0.069976,0.022313,-0.049146,0.014906,-0.004105,-0.043588,0.061969,0.045354,-0.009069,0.029129,-0.015307,0.010221,-0.028912,0.070746,0.06872
5.78,0.032302,0.037479,-0.037245,0.073151,0.002333,0.065289,0.000631,-0.040681,-0.050483,-0.002823,0.045911,0.032473,-0.021913,-0.022861,0.057503,0.069052,0.020346,-0.048935,0.017065,-0.002525,-0.044564,0.064375,0.048411,-0.010917,0.026876,-0.01382,0.011869,-0.030395,0.071578,0.067352
5.79,0.029936,0.040127,-0.038498,0.072976,0.004349,0.067332,-0.001255,-0.039787,-0.050736,-0.001011,0.043903,0.034971,-0.023517,-0.021472,0.055282,0.067891,0.018398,-0.048662,0.019281,-0.000914,-0.045481,0.066624,0.051442,-0.012704,0.024649,-0.012283,0.013608,-0.031813,0.072163,0.0658
5.8,0.027596,0.0428,-0.039686,0.072509,0.006378,0.069139,-0.003081,-0.038824,-0.050924,0.000868,0.04188,0.037454,-0.025055,-0.020022,0.05297,0.066513,0.016485,-0.048325,0.02155,0.00072,-0.046342,0.068647,0.05443,-0.014427,0.022457,-0.010675,0.015426,-0.033169,0.072496,0.064103
5.81,0.025291,0.045467,-0.040847,0.071769,0.00843,0.070651,-0.004873,-0.037831,-0.05107,0.002766,0.039844,0.039933,-0.02656,-0.018553,0.050597,0.064932,0.01459,-0.047942,0.023832,0.002401,-0.047174,0.07037,0.057375,-0.016122,0.020304,-0.009057,0.017339,-0.034492,0.072557,0.062257
5.82,0.022988,0.048114,-0.041982,0.070752,0.010515,0.071852,-0.006649,-0.036831,-0.051198,0.004682,0.037772,0.04243,-0.028045,-0.017084,0.048132,0.063157,0.012693,-0.047548,0.026137,0.004131,-0.047984,0.071763,0.060279,-0.017785,0.018153,-0.007422,0.019351,-0.035795,0.072309,0.060238
5.82,0.020723,0.05071,-0.043047,0.069498,0.012564,0.072735,-0.008353,-0.035798,-0.051266,0.006606,0.035707,0.044879,-0.029452,-0.015592,0.045628,0.061245,0.010847,-0.047112,0.028437,0.005844,-0.048733,0.072828,0.063059,-0.019378,0.016021,-0.005774,0.021396,-0.037036,0.071741,0.058091
5.83,0.018494,0.053319,-0.044044,0.068027,0.014607,0.073342,-0.010016,-0.034687,-0.051253,0.008593,0.033629,0.047328,-0.030811,-0.014043,0.043088,0.05921,0.009026,-0.046581,0.030785,0.007575,-0.049412,0.073611,0.065735,-0.020923,0.013902,-0.004063,0.0235,-0.038219,0.070874,0.055815
5.84,0.016338,0.055913,-0.044991,0.066392,0.01667,0.073673,-0.01163,-0.033536,-0.051192,0.010617,0.031544,0.049761,-0.032128,-0.012456,0.040565,0.057081,0.007231,-0.046013,0.033177,0.009342,-0.050046,0.074105,0.068272,-0.02242,0.011845,-0.002309,0.025676,-0.039355,0.069735,0.053463
5.85,0.014237,0.058469,-0.045908,0.064589,0.018754,0.073741,-0.013213,-0.032373,-0.051104,0.012655,0.029464,0.052184,-0.033406,-0.010867,0.038053,0.054883,0.005459,-0.045421,0.035582,0.011145,-0.050645,0.074298,0.070651,-0.023879,0.009837,-0.000542,0.027922,-0.040464,0.068369,0.051023
5.86,0.012164,0.060915,-0.046771,0.062614,0.02083,0.07353,-0.014735,-0.03118,-0.050972,0.014694,0.027402,0.05456,-0.034635,-0.009268,0.035539,0.052642,0.003722,-0.044786,0.037976,0.012943,-0.0512,0.074189,0.072824,-0.025284,0.007858,0.001234,0.030203,-0.041521,0.066808,0.048497
5.86,0.010112,0.063246,-0.047567,0.060473,0.022909,0.073013,-0.016212,-0.029917,-0.050765,0.016764,0.025339,0.056879,-0.035804,-0.007623,0.033016,0.050343,0.00202,-0.044087,0.040391,0.014752,-0.05167,0.07381,0.074757,-0.026622,0.005905,0.003052,0.032515,-0.042513,0.065064,0.045891
5.87,0.008128,0.06543,-0.048307,0.058229,0.024997,0.072218,-0.017634,-0.028616,-0.050512,0.018857,0.023294,0.059135,-0.036922,-0.00596,0.030551,0.048019,0.000352,-0.043334,0.042815,0.016573,-0.052086,0.073188,0.076422,-0.027911,0.004028,0.004897,0.034858,-0.043452,0.063173,0.043295
5.88,0.006206,0.067458,-0.049021,0.055886,0.027128,0.071177,-0.019033,-0.027286,-0.050233,0.020985,0.021263,0.061352,-0.038016,-0.004271,0.02813,0.045682,-0.001296,-0.042551,0.045269,0.018428,-0.052467,0.072281,0.077836,-0.029168,0.002221,0.006781,0.037271,-0.044369,0.061166,0.040699
5.89,0.00431,0.069287,-0.049682,0.053439,0.029287,0.069902,-0.020379,-0.025911,-0.049896,0.023125,0.019258,0.063511,-0.03906,-0.002559,0.025719,0.043337,-0.002901,-0.041722,0.047708,0.020304,-0.052794,0.071059,0.078978,-0.030362,0.000448,0.00869,0.039728,-0.045238,0.059058,0.038095
5.9,0.002433,0.070884,-0.05027,0.050894,0.031443,0.068415,-0.021665,-0.024493,-0.049486,0.025261,0.017275,0.06558,-0.040027,-0.000833,0.023329,0.040974,-0.004466,-0.040829,0.050109,0.022165,-0.053038,0.069552,0.079806,-0.031485,-0.001301,0.010612,0.042195,-0.046031,0.056859,0.03549
5.9,0.000599,0.07227,-0.050809,0.048304,0.033609,0.066724,-0.022918,-0.023036,-0.04902,0.027411,0.015306,0.067564,-0.040951,0.000913,0.020971,0.038594,-0.006007,-0.039885,5.25E-02,0.024024,-0.053228,0.067824,0.080318,-0.032565,-0.003003,0.012562,0.044666,-0.046782,0.054583,0.032914
5.91,-0.001167,0.073435,-0.051328,0.045693,0.035807,0.064874,-0.024146,-0.021548,-0.048519,0.029581,0.01336,0.069469,-0.041849,0.002684,0.018681,0.03621,-0.007518,-0.038912,0.054811,0.025899,-0.053379,0.065939,0.080521,-0.033615,-0.004636,0.014542,0.04715,-0.047512,0.052251,0.030403
5.92,-0.002871,0.07434,-0.051783,0.043062,0.038044,0.062884,-0.02532,-0.020023,-0.047962,0.031765,0.011447,0.071278,-0.042693,0.004479,0.016431,0.033825,-0.008993,-0.03788,0.057091,0.027794,-0.053471,0.063893,0.080421,-0.034611,-0.006234,0.016549,0.049628,-0.048194,0.049864,0.027918
5.93,-0.004551,0.074922,-0.052168,0.040398,0.040274,0.060766,-0.026425,-0.018447,-0.047326,0.033938,0.009578,0.072924,-0.043458,0.006289,0.014194,0.031459,-0.010406,-0.036778,0.059271,0.029668,-0.053481,0.061691,0.080007,-0.035531,-0.007807,0.018566,0.052041,-0.048786,0.047443,0.025451
5.94,-0.006204,0.075166,-0.052499,0.037707,0.042504,0.058522,-0.027496,-0.016841,-0.046636,0.036108,0.007722,0.07437,-0.044179,0.008113,0.011974,0.029079,-0.011797,-0.03563,0.06136,0.031529,-0.053441,0.059351,0.079288,-0.036409,-0.009365,0.020598,0.054377,-0.04933,0.044964,0.022991
5.94,-0.007782,0.07508,-0.052817,0.03504,0.044754,0.056175,-0.028555,-0.015218,-0.045917,0.038277,0.005875,0.075577,-0.04488,0.009946,0.009813,0.026699,-0.013186,-0.03445,0.06337,0.0334,-0.053383,0.056911,0.078274,-0.037278,-0.010871,0.022644,0.056634,-0.049847,0.042453,0.020582
5.95,-0.009306,0.074673,-0.053091,0.032405,0.047006,0.053762,-0.029566,-0.013553,-0.045141,0.040444,0.004075,0.076515,-0.045536,0.011802,0.007719,0.02436,-0.014524,-0.03322,0.065289,0.035269,-0.053269,0.054404,0.076975,-0.038096,-0.012332,0.024708,0.058789,-0.050312,0.039936,0.018225
5.96,-0.010793,0.073955,-0.053273,0.029781,0.049234,0.051308,-0.030499,-0.011843,-0.044273,0.042593,0.00233,0.077161,-0.046108,0.013684,0.005657,0.022063,-0.015799,-0.031909,0.067085,0.03712,-0.053067,0.051812,0.075396,-0.038823,-0.013773,0.026782,0.060822,-0.050679,0.037434,0.015887
5.97,-0.012265,0.072937,-0.053387,0.027174,0.051434,0.048793,-0.031394,-0.010103,-0.043341,0.044718,0.000607,0.07751,-0.046622,0.015577,0.003619,0.019789,-0.017049,-0.030545,0.068736,0.038961,-0.052798,0.049145,0.073539,-0.03951,-0.015211,0.028855,0.062747,-0.050991,0.034919,0.013571
5.98,-0.013681,0.071654,-0.053483,0.024601,0.053604,0.046247,-0.032284,-0.008352,-0.042387,0.04681,-0.00111,0.077579,-0.047137,0.017465,0.001635,0.017539,-0.018293,-0.029164,0.070222,0.040804,-0.052514,0.046429,0.071452,-0.040194,-0.016602,0.030916,0.064569,-0.051285,0.03241,0.011298
5.98,-0.015053,0.07013,-0.05353,0.022082,0.055735,0.043676,-0.033143,-0.006582,-0.041388,0.048874,-0.002792,0.077384,-0.0476,0.019361,-0.000284,0.015322,-0.019507,-0.027733,0.071519,0.042654,-0.052191,0.043691,0.06918,-0.040835,-0.017953,0.03297,0.066266,-0.051532,0.029913,0.009078
5.99,-0.01639,0.068371,-0.053476,0.019604,0.057816,0.041118,-0.033923,-0.004765,-0.040301,0.050912,-0.004422,0.076923,-0.047984,0.021282,-0.002155,0.013165,-0.02066,-0.026233,0.072592,0.0445,-0.05176,0.040935,0.066772,-0.041402,-0.019278,0.035027,0.067832,-0.051693,0.02747,0.006901
6,-0.017716,0.06638,-0.053345,0.017151,0.059845,0.038565,-0.034657,-0.002906,-0.039134,0.052912,-0.006011,0.076185,-0.048301,0.023225,-0.003986,0.011058,-0.021769,-0.024654,0.07341,0.046349,-0.051258,0.038159,0.064257,-0.041911,-0.020583,0.037082,0.069281,-0.051794,0.025064,0.004758
6.01,-0.019014,0.064179,-0.053185,0.014737,0.061812,0.036019,-0.035382,-0.001052,-0.037932,0.054837,-0.007581,0.075156,-0.048588,0.025153,-0.005762,0.008985,-0.022868,-0.023063,0.073944,0.048195,-0.050718,0.035382,0.061648,-0.042406,-0.021855,0.039104,0.070609,-0.051879,0.022691,0.00267
6.02,-0.020275,0.061795,-0.05298,0.012378,0.06371,0.033483,-0.036089,0.000799,-0.036699,0.056679,-0.009143,0.073834,-0.048843,0.027062,-0.007476,0.006946,-0.023952,-0.021442,0.074195,0.050029,-0.050144,0.032617,0.058957,-0.042871,-0.023088,0.041089,0.071809,-0.051941,0.020357,0.000646
6.02,-0.021517,0.059273,-0.05269,0.01005,0.065523,0.03097,-0.036734,0.002684,-0.035388,0.058445,-0.010646,7.22E-02,-0.049029,0.028985,-0.009149,0.004967,-0.024981,-0.019756,0.074168,0.051826,-0.049463,0.029865,0.056201,-0.043273,-0.024293,0.043063,0.072795,-0.051935,0.018076,-0.001328
6.03,-0.022742,0.056658,-0.052314,0.007774,0.067221,0.028515,-0.037321,0.004603,-0.033988,0.060117,-0.012098,0.070408,-0.049138,0.03092,-0.010757,0.003065,-0.025952,-0.018004,0.073871,0.053563,-0.048691,0.027163,0.053408,-0.0436,-0.025474,0.045022,0.07342,-0.051851,0.015871,-0.00324
6.04,-0.023946,0.053951,-0.051879,0.005543,0.068783,0.026068,-0.037878,0.006539,-0.032524,0.061694,-0.013525,0.068334,-0.049211,0.032862,-0.012324,0.001197,-0.026909,-0.016201,0.073296,0.055243,-0.047852,0.024479,0.050543,-0.043906,-0.026629,0.046961,0.073555,-0.051729,0.013707,-0.00509
6.05,-0.025107,0.051187,-0.05142,0.003371,0.070128,0.023647,-0.038419,0.00845,-0.031042,0.063146,-0.014939,0.06604,-0.049265,0.034773,-0.01382,-0.000632,-0.027853,-0.014389,0.072407,0.05682,-0.046981,0.021838,0.047633,-0.044198,-0.027738,0.048835,0.073136,-0.051581,0.011587,-0.006862
6.06,-0.026238,0.048371,-0.050895,0.001242,0.071202,0.021267,-0.038915,0.010358,-0.029497,0.064473,-0.01631,0.063546,-0.049264,0.036662,-0.015281,-0.002407,-0.028758,-0.01254,0.071194,0.058282,-0.04604,0.019248,0.044698,-0.044443,-0.028817,0.050642,0.072204,-0.051369,0.009523,-0.008584
6.06,-0.027353,0.045499,-0.050276,-0.000857,0.071998,0.018915,-0.039354,0.012306,-0.027848,0.065711,-0.017634,0.060847,-0.049192,0.038569,-0.016711,-0.004128,-0.029628,-0.010607,0.069663,0.059642,-0.044985,0.016675,0.041732,-0.044631,-0.029879,0.052404,0.070917,-0.051064,0.007513,-0.010273
6.07,-0.028403,0.042642,-0.0496,-0.002866,0.072508,0.016632,-0.03975,0.014242,-0.026157,0.066842,-0.018907,0.058013,-0.049074,0.040454,-0.018073,-0.005768,-0.030462,-0.008648,0.067878,0.060886,-0.043872,0.014196,0.038784,-0.044781,-0.030875,0.054082,6.95E-02,-0.050691,0.005577,-0.011867
6.08,-0.029394,0.039773,-0.048894,-0.00481,0.072764,0.014371,-0.040143,0.016164,-0.024416,0.067851,-0.020168,0.055032,-0.048928,0.042315,-0.019372,-0.007383,-0.031293,-0.006666,0.065854,0.062033,-0.042721,0.011765,0.035817,-0.044918,-0.03182,0.055673,0.068121,-0.050285,0.003672,-0.0134
6.09,-0.030355,0.036891,-0.048134,-0.006714,0.072793,0.012148,-0.040508,0.018068,-0.022623,0.06869,-0.021397,0.051946,-0.048742,0.04413,-0.020649,-0.008953,-0.032118,-0.004654,0.06363,0.063062,-0.04151,0.009379,0.032853,-0.045025,-0.032749,0.05716,0.066737,-0.049814,0.001813,-0.014902
6.1,-0.031293,0.034006,-0.047289,-0.008583,0.072621,0.009968,-0.040832,0.019967,-0.02076,0.069332,-0.022571,0.048774,-0.048485,0.045908,-0.021919,-0.010461,-0.032893,-0.002598,0.061244,0.063952,-0.040218,0.007018,0.029895,-0.045076,-0.033671,0.058554,0.065277,-0.049269,1.20E-05,-0.016391
6.1,-0.032181,0.03115,-0.04637,-0.010371,0.07227,0.00784,-0.041121,0.021856,-0.018839,0.069766,-0.023699,0.045549,-0.048161,0.047656,-0.023138,-0.011912,-0.033632,-0.000509,0.058739,0.064685,-0.038848,0.004729,0.026959,-0.04508,-0.034556,0.059874,0.063649,-0.04865,-0.001733,-0.017823
6.11,-0.033015,0.028341,-0.045405,-0.012052,0.071746,0.005767,-0.041394,0.023723,-0.016875,0.069999,-0.0248,0.042296,-0.047802,0.049355,-0.024273,-0.01332,-0.034359,0.001595,0.056147,0.065229,-0.037429,0.002537,0.024056,-0.045071,-0.0354,0.061117,0.061794,-0.048004,-0.003434,-0.019189
6.12,-0.033849,0.025536,-0.044383,-0.013671,0.071016,0.003728,-0.041649,0.025573,-0.014862,0.07002,-0.025871,0.039006,-0.047415,0.050999,-0.025377,-0.014686,-0.035061,0.003721,0.053438,0.065532,-0.035952,0.000387,0.021166,-0.045041,-0.03625,0.062264,0.059662,-0.047308,-0.005103,-0.020521
6.13,-0.034709,0.022725,-0.043273,-0.015263,0.070039,0.001728,-0.041854,0.027395,-0.012793,0.069818,-0.026894,0.035697,-0.046962,0.052571,-0.026473,-0.016012,-0.035704,0.005862,0.050612,0.065558,-0.034391,-0.00174,0.018297,-0.044954,-0.037114,0.063283,0.057257,-0.046536,-0.006722,-0.021857
6.14,-0.035567,0.019941,-0.042081,-0.01678,0.068787,-0.000233,-0.042026,0.029191,-0.010668,0.069388,-0.027875,0.032394,-0.046457,0.054053,-0.027526,-0.017293,-0.036314,0.008024,0.047696,0.065312,-0.032747,-0.003811,0.015459,-0.044822,-0.037946,0.064157,0.054625,-0.045697,-0.00831,-0.023155
6.14,-0.0364,0.017204,-0.040826,-0.018222,0.067245,-0.002164,-0.042187,0.030976,-0.008494,0.068711,-0.028835,0.029107,-0.045923,0.055456,-0.028515,-0.018542,-0.036904,0.010202,0.044714,0.06481,-0.031042,-0.005812,0.012649,-0.044677,-0.038726,0.064899,0.051826,-0.044809,-0.009865,-0.024381
6.15,-0.037201,0.014548,-0.039526,-0.019577,0.065431,-0.004034,-0.042322,0.032724,-0.006301,0.067772,-0.029753,0.025892,-0.045359,0.056742,-0.029445,-0.019739,-0.037461,0.01236,0.041724,0.06408,-0.029286,-0.007725,0.009914,-0.044509,-0.039462,0.065495,0.048958,-0.043886,-0.011368,-0.025543
6.16,-0.037975,0.011901,-0.038131,-0.020919,0.063338,-0.005886,-0.042418,0.034462,-0.004035,0.066526,-0.030634,0.022699,-0.044724,0.057908,-0.030361,-0.020905,-0.037983,0.014539,0.038664,0.063108,-0.027426,-0.009618,0.007205,-0.044289,-0.040172,0.065919,0.046006,-0.042878,-0.012846,-0.026684
6.17,-0.038699,0.009299,-0.036651,-0.022236,0.061034,-0.007706,-0.04248,0.036153,-0.00173,0.064996,-0.031477,0.019566,-0.044041,0.05893,-0.031258,-0.02203,-0.038471,0.0167,0.035578,0.06191,-0.025491,-0.011474,0.004542,-0.044022,-0.040811,0.066159,0.043028,-0.041801,-0.014293,-0.027787
6.18,-0.039359,0.006771,-0.035142,-0.023486,0.058583,-0.009495,-0.04253,0.037801,0.000583,0.063243,-0.032292,0.01651,-0.043341,0.059827,-0.032103,-0.023114,-0.038943,0.018833,0.032511,0.060506,-0.023515,-0.013252,0.001939,-0.043735,-0.041382,0.066215,0.040046,-0.040696,-0.0157,-0.02881
6.18,-0.039957,0.00434,-0.033564,-0.024679,0.056029,-0.011253,-0.042559,0.039425,0.002924,0.061303,-0.033069,0.013539,-0.042607,0.06062,-0.032889,-0.024155,-0.039398,0.020951,0.029485,0.058904,-0.021479,-0.01494,-0.000596,-0.043426,-0.041884,0.066079,0.037069,-0.039539,-0.017079,-0.029754
6.19,-0.04053,0.001954,-0.031894,-0.025857,0.053388,-0.012976,-0.042533,0.04102,0.005325,0.059174,-0.033791,0.010647,-0.041804,0.061301,-0.033662,-0.025146,-0.039809,0.02307,0.026482,0.057112,-0.019346,-0.016584,-0.003078,-0.043053,-0.042354,0.065726,0.034087,-0.038288,-0.018414,-0.030663
6.2,-0.041097,-0.000372,-0.03016,-0.027022,0.050676,-0.014656,-0.042464,0.042563,0.007737,0.056868,-0.034462,0.007855,-0.040954,0.061844,-0.034426,-0.026082,-0.040178,0.025154,0.023515,0.05515,-0.017151,-0.018188,-0.005478,-0.042626,-0.042804,0.065151,0.031119,-0.036966,-0.019706,-0.031548
6.21,-0.041632,-0.002644,-0.02837,-0.028152,0.047848,-0.016326,-0.042383,0.04405,0.010165,0.054382,-0.035106,0.005136,-0.040075,0.062254,-0.035168,-0.026988,-0.040522,0.027202,0.020572,0.053014,-0.014897,-0.019725,-0.007836,-0.042186,-0.04326,0.064357,0.028131,-0.035598,-0.020983,-0.032396
6.22,-0.042139,-0.004821,-0.026543,-0.029216,0.044927,-0.017962,-0.042291,4.55E-02,0.012574,0.051767,-0.03571,0.002525,-0.039176,0.062507,-0.035863,-0.027865,-0.040843,0.029194,0.017714,0.050762,-0.012615,-0.021184,-0.010126,-0.041718,-0.043699,0.063385,0.025179,-0.0342,-0.022231,-0.033201
6.22,-0.042612,-0.006952,-0.02462,-0.030255,0.041858,-0.019571,-0.042158,0.04686,0.015025,0.049018,-0.036284,3.00E-06,-0.038205,0.062608,-0.03655,-0.028714,-0.041122,0.031179,0.014896,0.048399,-0.010243,-0.022593,-0.012349,-0.041209,-0.044133,0.06224,0.022242,-0.032704,-0.023446,-0.03399
6.23,-0.043085,-0.009023,-0.022614,-0.031263,0.038659,-0.021133,-0.041957,0.048203,0.017489,0.046163,-0.036789,-0.002398,-0.037165,0.062549,-0.037232,-0.029514,-0.041334,0.033133,0.01214,0.045944,-0.00779,-0.023968,-0.014488,-0.040634,-0.04454,0.06092,0.019354,-0.03114,-0.024615,-0.03477
6.24,-0.043513,-0.011031,-0.020553,-0.032222,0.035314,-0.022651,-0.04173,0.049471,0.019926,0.04321,-0.037261,-0.004701,-0.036084,0.062322,-0.037873,-0.030293,-0.04151,0.035025,0.009435,0.043388,-0.005304,-0.025294,-0.01656,-0.040042,-0.04491,0.059413,0.016499,-0.029518,-0.025759,-0.035526
6.25,-0.043894,-0.01297,-0.018457,-0.033117,0.031849,-0.024164,-0.0415,0.050663,0.022332,0.040189,-0.03771,-0.006917,-0.034983,0.061925,-0.038468,-0.031074,-0.041681,0.036849,0.006787,0.040717,-0.002788,-0.026562,-0.018578,-0.03944,-0.045203,0.057707,0.013682,-0.027874,-0.026902,-0.036245
6.26,-0.04425,-0.014854,-0.016289,-0.03396,0.028327,-0.025634,-0.041232,0.051795,0.024717,0.037122,-0.038127,-0.009031,-0.033827,0.061365,-0.039032,-0.031838,-0.04182,0.038631,0.004203,0.037948,-0.000223,-0.027792,-0.020527,-0.038798,-0.045424,0.055807,0.010921,-0.026172,-0.028032,-0.036933
6.26,-0.044582,-0.016678,-0.01403,-0.034767,0.024793,-0.027047,-0.040887,0.052866,0.027092,0.034038,-0.03846,-0.011018,-0.032591,0.060635,-0.039572,-0.032559,-4.19E-02,0.040368,0.00168,0.035101,0.002415,-0.028987,-0.022375,-0.038093,-0.045617,0.053727,0.008238,-0.024376,-0.029117,-0.037601
6.27,-0.044876,-0.018447,-0.011695,-0.035527,0.021275,-0.028402,-0.040494,0.053862,0.029443,0.030932,-0.038747,-0.012896,-0.031297,0.059719,-0.040088,-0.033251,-0.041905,0.042049,-0.000777,0.032174,0.0051,-0.030137,-0.024138,-0.037334,-0.045762,0.051462,0.005611,-0.022517,-0.030168,-0.038235
6.28,-0.045126,-0.020154,-0.009331,-0.036233,0.017796,-0.029736,-0.040094,0.054754,0.031732,0.027825,-0.039035,-0.014693,-0.029971,0.05861,-0.040554,-0.033943,-0.041903,0.043645,-0.003173,0.029193,0.007795,-0.031224,-0.025827,-0.036566,-0.045835,0.049029,0.003033,-0.020627,-0.031221,-0.038812
6.29,-0.045358,-0.0218,-0.006917,-0.036899,0.014385,-0.031059,-0.039662,0.055535,0.033968,0.024725,-0.039312,-0.016417,-0.028604,0.057309,-0.041015,-0.034639,-0.041865,0.045157,-0.005501,0.026183,0.010514,-0.032265,-0.027459,-0.035774,-0.045885,0.046448,0.0005,-0.018694,-0.03228,-0.039365
6.3,-0.045589,-0.023401,-0.004436,-0.037551,0.011067,-0.032311,-0.039183,0.056213,0.036164,0.021646,-0.039543,-0.018032,-0.027177,0.055823,-0.041472,-0.035299,-0.041761,0.046599,-0.007773,0.023182,0.013266,-0.033265,-0.028977,-0.034926,-0.045932,0.043744,-0.001962,-0.016691,-0.033295,-0.039891
6.3,-0.045775,-0.024939,-0.001871,-0.038178,0.007839,-0.033497,-0.038637,0.056787,0.03833,0.018594,-0.039731,-0.019544,-0.025664,0.054166,-0.041903,-0.035917,-0.041589,0.047985,-0.009985,0.020195,0.016066,-0.034209,-0.03038,-0.034012,-0.045948,0.040935,-0.004363,-0.014606,-0.034272,-0.040376
6.31,-0.045894,-0.026397,0.000742,-0.038745,0.004694,-0.034664,-0.038068,0.057251,0.040432,0.015588,-0.039918,-0.021003,-0.024115,0.05234,-0.042286,-0.036541,-0.041393,0.0493,-0.012121,0.017226,0.018876,-0.035077,-0.03171,-0.033048,-0.045942,0.038049,-0.006734,-0.012466,-0.035248,-0.040804
6.32,-0.045959,-0.027783,0.003367,-0.039296,0.001646,-0.035803,-0.037477,0.057575,0.042427,0.012655,-0.04011,-0.022406,-0.022545,0.050374,-0.042628,-0.03718,-0.041193,0.050515,-0.014174,0.014307,0.02165,-0.035882,-0.032967,-0.032064,-0.045951,0.035128,-0.009075,-0.010312,-0.036215,-0.041208
6.33,-0.045985,-0.029146,0.006047,-0.039838,-0.001323,-0.036897,-0.036843,0.057763,0.044343,0.009742,-0.04027,-0.023758,-0.020921,0.048247,-0.042954,-0.037794,-0.040944,0.051655,-0.016196,0.01143,0.024431,-0.036668,-0.034138,-0.031022,-0.045965,0.032138,-0.011398,-0.008092,-0.037157,-0.041593
6.34,-0.045966,-0.030439,0.008789,-0.040352,-0.004166,-0.037919,-0.036141,0.057812,0.04617,0.006885,-0.040382,-0.025038,-0.019223,0.045991,-0.043231,-0.038383,-0.040638,0.052721,-0.01816,0.008645,0.027207,-0.037418,-0.035191,-0.029898,-0.045948,0.029124,-0.013675,-0.005788,-0.038046,-0.041949
6.34,-0.045888,-0.03165,0.011573,-0.040809,-0.006881,-0.038885,-0.035377,0.05773,0.047896,0.004127,-0.040462,-0.026267,-0.017466,0.043651,-0.043444,-0.038954,-0.040293,0.053714,-0.020033,0.005954,0.02995,-0.038111,-0.036154,-0.028718,-0.045874,0.026133,-0.01592,-0.003432,-0.038898,-0.042251
6.35,-0.045783,-0.032802,0.014381,-0.041239,-0.009512,-0.039824,-0.034585,0.057504,0.049524,0.001444,-0.040538,-0.027485,-0.015672,0.041224,-0.043618,-0.039535,-0.03992,0.054627,-0.021832,0.003321,0.032651,-0.038756,-0.037064,-0.027505,-0.045737,0.023153,-0.018173,-0.001034,-0.039745,-0.042509
6.36,-0.045681,-0.033917,0.0172,-0.041646,-0.01203,-0.040717,-0.03375,0.057109,0.051031,-0.001186,-0.040599,-0.028681,-0.013832,0.038696,-0.043773,-0.040115,-0.039519,0.055437,-0.023582,0.000761,0.035289,-0.039393,-0.037903,-0.02625,-0.045552,0.020175,-0.020398,0.001411,-0.040567,-0.042757
6.37,-0.045552,-0.034996,0.020034,-0.042038,-0.014392,-0.04153,-0.032845,0.056544,0.052429,-0.003759,-0.040609,-0.029825,-0.011929,0.03608,-0.043903,-0.04064,-0.039063,0.056145,-0.025289,-0.00169,0.03786,-0.040007,-0.038642,-0.024921,-0.045329,0.017195,-0.022555,0.003904,-0.041329,-0.042994
6.38,-0.045363,-0.03601,0.022878,-0.042382,-0.016604,-0.042268,-0.031876,0.05583,0.053732,-0.006253,-0.040585,-0.030925,-0.009961,0.03341,-0.043992,-0.041136,-0.038549,0.056765,-0.026911,-0.004047,0.04038,-0.040569,-0.039294,-0.023532,-0.045053,0.014256,-0.024634,0.006458,-0.042033,-0.043204
6.38,-0.045122,-0.036948,0.02572,-0.042676,-0.018698,-0.042955,-0.030863,0.054987,0.054952,-0.008627,-0.040562,-0.032012,-0.007943,0.030714,-0.044034,-0.041616,-0.038015,0.057308,-0.028437,-0.006323,0.042827,-0.041085,-0.039889,-0.022105,-0.044713,0.011389,-0.026646,0.009046,-0.042711,-0.043381
6.39,-0.044829,-0.037849,0.028569,-0.042948,-0.0207,-0.0436,-0.029791,0.053986,0.056088,-0.010956,-0.04053,-0.033102,-0.005851,0.027953,-0.044053,-0.0421,-0.037436,0.057744,-0.029915,-0.008543,0.045228,-0.04157,-0.04044,-0.020604,-0.044333,0.008541,-0.028601,0.011695,-0.043372,-0.043547
6.4,-0.044489,-0.038714,0.031352,-0.04321,-0.022541,-0.044164,-0.028668,0.052832,0.057097,-0.013212,-0.040469,-0.034134,-0.003729,0.025168,-0.04406,-0.04253,-0.03681,0.058047,-0.031339,-0.010632,0.047506,-0.042045,-0.040901,-0.019068,-0.043905,0.005747,-0.030409,0.014346,-0.04396,-0.043704
6.41,-0.044094,-0.039541,0.034114,-0.043441,-0.024258,-0.044635,-0.027476,0.051527,0.058003,-0.015412,-0.040373,-0.035122,-0.001536,0.022335,-0.044037,-0.042928,-0.036135,0.058219,-0.032708,-0.012615,0.049701,-0.042484,-0.041284,-0.017452,-0.043409,0.002986,-0.032087,0.017041,-0.044485,-0.043833
6.42,-0.043632,-0.040307,0.036842,-0.04363,-0.025869,-0.045061,-0.026233,0.050104,0.05882,-0.017517,-0.040269,-0.036089,0.000713,0.019516,-0.043982,-0.04331,-0.035408,0.058281,-0.033998,-0.014503,0.051799,-0.04288,-0.041617,-0.015781,-0.042839,0.000309,-0.033643,0.019767,-0.044972,-0.043922
6.42,-0.043127,-0.041014,0.039524,-0.043783,-0.027402,-0.045436,-0.024933,0.048577,0.059548,-0.019529,-0.040158,-0.037043,0.00302,0.016735,-0.043907,-0.043669,-0.034652,0.058237,-0.035212,-0.016303,0.053779,-0.043235,-0.041928,-0.014056,-0.042218,-0.002282,-0.035096,0.022515,-0.045416,-0.043976
6.43,-0.042555,-0.041691,0.042162,-0.043922,-0.028844,-0.045742,-0.02356,0.0469,0.060163,-0.021495,-0.040007,-0.037962,0.005397,0.013942,-0.043811,-0.04399,-0.033841,0.058059,-0.036377,-0.018006,0.055632,-0.043563,-0.042192,-0.012249,-0.041538,-0.004832,-0.036422,0.02529,-0.045796,-0.044001
6.44,-0.041959,-0.042337,0.044708,-0.044037,-0.030169,-0.045962,-0.02214,0.045094,0.060645,-0.023403,-0.03982,-0.03882,0.007804,0.011168,-0.043689,-0.044247,-0.032982,0.057744,-0.037494,-0.019576,0.057321,-0.043878,-0.042388,-0.010387,-0.040825,-0.007329,-0.037599,0.028042,-0.046096,-0.043998
6.45,-0.041318,-0.042928,0.047187,-0.044115,-0.031406,-0.04613,-0.020654,0.043173,0.06102,-0.025244,-0.039616,-0.03966,0.010268,0.008417,-0.043534,-0.044466,-0.032089,0.057319,-0.038555,-0.021064,0.058875,-0.044167,-0.042563,-0.008466,-0.040058,-0.009758,-0.038678,0.030789,-0.046334,-0.043963
6.46,-0.040621,-0.043456,0.04958,-0.044151,-0.032583,-0.046259,-0.019126,0.041182,0.061303,-0.026987,-0.039398,-0.040502,0.012775,0.005733,-0.043331,-0.044665,-0.031167,0.056794,-0.039539,-0.022485,0.060319,-0.044403,-0.04274,-0.006483,-0.039213,-0.012094,-0.039691,0.033527,-0.046528,-0.04388
6.46,-0.039887,-0.043937,0.051869,-0.044156,-0.033667,-0.046324,-0.017518,0.039122,0.061482,-0.028652,-0.039145,-0.041321,0.015344,0.003109,-0.043075,-0.044813,-0.030188,0.056167,-0.040459,-0.023826,0.061646,-0.044606,-0.042895,-0.004428,-0.038304,-0.014343,-0.040615,0.036242,-0.046657,-0.043751
6.47,-0.039127,-0.044388,0.054037,-0.044145,-0.034639,-0.046301,-0.015843,0.036973,0.061542,-0.030276,-0.038831,-0.042096,0.017955,0.000503,-0.042782,-0.044896,-0.029152,0.055403,-0.041341,-0.025078,0.062848,-0.044788,-0.043009,-0.002301,-0.037355,-0.016547,-0.04144,0.03892,-0.046702,-0.043598
6.48,-0.038321,-0.044802,0.056039,-0.044112,-0.035508,-0.046226,-0.014138,0.034771,0.061482,-0.031826,-0.038497,-0.042841,0.020579,-0.002051,-0.042463,-0.04494,-0.028095,0.05451,-0.042173,-0.026245,0.063904,-0.044943,-0.043116,-0.00014,-0.036367,-0.018679,-0.042186,0.041527,-0.046695,-0.04342
6.49,-0.037454,-0.045184,0.057901,-0.044048,-0.036309,-0.04612,-0.012374,0.032533,0.061318,-0.033305,-0.038157,-0.043586,0.023238,-0.004538,-0.042096,-0.044955,-0.027014,0.053498,-0.042934,-0.027364,0.064825,-0.045065,-0.043242,0.002083,-0.03531,-0.020732,-0.042879,0.044082,-0.046659,-0.043201
6.5,-0.036527,-0.045516,0.059632,-0.043946,-0.037017,-0.045951,-0.010549,0.03028,0.061056,-0.034693,-0.037763,-0.044294,0.025924,-0.006946,-0.041677,-0.044908,-0.025887,0.052381,-0.043634,-0.028425,0.065607,-0.045147,-0.043369,0.004367,-0.034191,-0.022688,-0.043497,0.046575,-0.046567,-0.042937
6.5,-0.03554,-0.045824,0.061237,-0.043816,-0.037608,-0.045707,-0.00865,0.027996,0.060686,-0.03602,-0.037313,-0.044927,0.028645,-0.009293,-0.041241,-0.044777,-0.024703,0.051146,-0.044292,-0.029405,0.066236,-0.045193,-0.043482,0.006717,-0.033012,-0.024572,-0.044006,0.048995,-0.046394,-0.042655
6.51,-0.034484,-0.04612,0.062705,-0.043666,-0.038111,-0.045418,-0.006698,0.025672,0.060196,-0.037287,-0.036819,-0.045494,0.031377,-0.011583,-0.040764,-0.044587,-0.023486,0.049779,-0.044906,-0.030323,0.0667,-0.045218,-0.0436,0.009121,-0.03177,-0.026391,-0.04441,0.05132,-0.046164,-0.042353
6.52,-0.033364,-0.046371,0.064026,-0.04348,-0.038549,-0.045114,-0.004712,0.023323,0.059584,-0.038486,-0.036308,-0.046018,0.034088,-0.013812,-0.040254,-0.044356,-0.02225,0.048297,-0.04548,-0.031217,0.067002,-0.045212,-0.04375,0.011553,-0.030465,-0.028136,-0.044733,0.053513,-0.04589,-0.042013
6.53,-0.032191,-0.046578,0.065194,-0.04326,-0.038936,-0.044774,-0.002671,0.02095,0.058862,-0.039611,-0.035745,-0.046473,0.036789,-0.015968,-0.039704,-0.044063,-0.020968,0.046701,-0.046005,-0.032089,0.067158,-0.045165,-0.043918,0.014033,-0.029093,-0.029785,-0.044966,0.055578,-0.045566,-0.04164
6.54,-0.030955,-0.046761,0.06619,-0.043011,-0.039243,-0.04439,-0.000569,0.018587,0.05805,-0.040661,-0.035124,-0.04682,0.039466,-0.018034,-0.039128,-0.04368,-0.019632,0.045023,-0.046479,-0.03291,0.067185,-0.045083,-0.044062,0.01656,-0.027644,-0.031348,-0.045065,0.057504,-0.045164,-0.041246
6.54,-0.029658,-0.046912,0.066998,-0.042727,-0.039475,-0.043963,0.001591,0.016221,0.057136,-0.041655,-0.034428,-0.047067,0.042099,-0.02003,-0.038491,-0.043224,-0.018247,0.043258,-0.046918,-0.033685,0.067089,-0.044964,-0.044186,0.019134,-0.026137,-0.032838,-0.045036,0.059287,-0.044678,-0.040801
6.55,-0.028297,-0.047022,0.067605,-0.042409,-0.039658,-0.043522,0.003796,0.013836,0.056102,-0.042586,-0.033695,-0.04723,0.044665,-0.021961,-0.037806,-0.042706,-0.016819,0.041393,-0.047309,-0.034434,0.066853,-0.04481,-0.044307,0.021741,-0.024542,-0.034263,-0.044904,0.060916,-0.044161,-0.040319
6.56,-0.026869,-0.047088,0.06801,-0.042052,-0.0398,-0.043079,0.006031,0.011465,0.05495,-0.043455,-0.032923,-0.047305,0.047139,-0.02381,-0.037076,-0.042147,-0.01537,0.039445,-0.047642,-0.03515,0.066486,-0.044613,-0.04442,0.024367,-0.022886,-0.035604,-0.044676,0.062385,-0.043587,-0.039788
6.57,-0.025371,-0.047114,0.06825,-0.041657,-0.039896,-0.042596,0.008326,0.009092,0.053692,-0.044275,-0.032076,-0.04727,0.049539,-0.025598,-0.036285,-0.041496,-0.013856,0.037425,-0.047934,-0.035804,0.065996,-0.044385,-0.044496,0.027038,-0.021155,-0.036892,-0.044354,0.063709,-0.042949,-0.039217
6.58,-0.02381,-0.047098,0.068348,-0.041241,-0.039943,-0.0421,0.010668,0.00676,0.052352,-0.045027,-0.031151,-0.047126,0.051848,-0.027295,-0.035442,-0.040773,-0.012284,0.035365,-0.048183,-0.036389,0.065404,-0.044137,-0.044529,0.029742,-0.019357,-0.038105,-0.043956,0.064882,-0.042256,-0.038594
6.58,-0.022171,-0.047032,0.068306,-0.040767,-0.039964,-0.041586,0.013075,0.004448,0.050905,-0.045711,-0.030148,-0.046878,0.05409,-0.028916,-0.034531,-0.039979,-0.010641,0.033246,-0.048369,-0.036913,0.064691,-0.043837,-0.044523,0.032494,-0.017483,-0.039249,-0.043515,0.06589,-0.041507,-0.037922
6.59,-0.020456,-0.046922,0.068116,-0.040268,-0.039971,-0.041085,0.015477,0.002183,0.049372,-0.046318,-0.029103,-0.046536,0.056194,-0.030444,-0.033565,-0.039139,-0.00899,0.031094,-0.048502,-0.037388,0.06386,-0.043515,-0.044473,0.035212,-0.015555,-0.040311,-0.043066,0.066691,-0.040732,-0.03721
6.6,-0.018655,-0.046777,0.067778,-0.039723,-0.039976,-0.040579,0.017913,-7.20E-05,0.047726,-0.04687,-0.027982,-0.046106,0.058171,-0.031913,-0.032524,-0.038232,-0.007281,0.028883,-0.048607,-0.037839,0.062908,-0.043173,-0.044379,0.03792,-0.013548,-0.041324,-0.042619,0.067292,-0.039927,-0.036433
6.61,-0.016788,-0.0466,0.067321,-0.039149,-0.039976,-0.040071,0.02039,-0.002282,0.046007,-0.047369,-0.026776,-0.045584,0.059996,-0.033315,-0.031418,-0.037251,-0.005506,0.026655,-0.048676,-0.038284,0.061862,-0.042793,-0.044228,0.040606,-0.01149,-0.042276,-0.042195,0.067696,-0.039084,-0.035607
6.62,-0.014856,-0.046393,0.066739,-0.038526,-0.039958,-0.039541,0.022894,-0.004427,0.044226,-0.047786,-0.025494,-0.044965,0.06165,-0.034617,-0.030256,-0.036199,-0.003673,0.024423,-0.048699,-0.038711,0.060736,-0.042392,-0.044002,0.043254,-0.00938,-0.043138,-0.041761,0.067915,-0.038204,-0.034741
6.62,-0.012837,-0.046148,0.066033,-0.037863,-0.039936,-0.039008,0.02543,-0.006517,0.042374,-0.048149,-0.024144,-0.044271,0.063104,-0.035843,-0.029022,-0.03508,-0.00179,0.022181,-0.048676,-0.039144,0.059522,-0.041955,-0.043715,0.04584,-0.007198,-0.043911,-0.041334,0.067943,-0.037297,-0.033823
6.63,-0.010726,-0.045856,0.065196,-0.037149,-0.039926,-0.038465,0.027982,-0.008585,0.040432,-0.048464,-0.022709,-0.043518,0.064339,-0.037026,-0.02771,-0.033896,0.000146,0.019904,-0.048611,-0.039581,0.058206,-0.041474,-0.043375,0.048369,-0.004932,-0.044632,-0.040904,0.067784,-0.036373,-0.032837
6.64,-0.008565,-0.045549,0.06424,-0.036395,-0.039913,-0.037914,0.030543,-0.010608,0.038423,-0.048742,-0.021213,-0.042723,0.065342,-0.038149,-0.026363,-0.032654,0.002127,0.017625,-0.048512,-0.040014,0.056801,-0.040973,-0.042972,0.050802,-0.002621,-0.045295,-0.040454,0.067458,-0.035435,-0.031817
6.65,-0.00634,-0.045223,0.063181,-0.035608,-0.039877,-0.037335,0.033124,-0.012563,0.036364,-0.048976,-0.019624,-0.041879,0.06612,-0.039192,-0.024968,-0.03134,0.004166,0.015359,-0.048377,-0.040406,0.05533,-0.040443,-0.042489,0.05316,-0.000253,-0.045878,-0.039958,0.066978,-0.034467,-0.030757
6.66,-0.004051,-0.044843,0.062041,-0.03476,-0.039812,-0.036733,0.035707,-0.014438,0.034282,-0.049154,-0.017971,-0.041008,0.066678,-0.040155,-0.023507,-0.029965,0.006249,0.013128,-0.048191,-0.04075,0.053801,-0.039861,-0.041936,0.05541,0.002183,-0.046389,-0.039418,0.066374,-0.033486,-0.029635
6.66,-0.001673,-0.044422,0.060797,-0.033849,-0.039739,-0.036111,0.038318,-0.016271,0.032136,-0.049277,-0.016225,-0.040121,0.067021,-0.041057,-0.021977,-0.028517,0.008399,0.010888,-0.047947,-0.041075,0.052194,-0.03923,-0.041313,0.057538,0.004694,-0.046844,-0.038848,0.065626,-0.032478,-0.028446
6.67,0.000752,-0.043985,0.05945,-0.032905,-0.039661,-0.035448,0.040897,-0.018046,0.02994,-0.049365,-0.014403,-0.039217,0.067149,-0.0419,-0.020399,-0.027016,0.010582,0.008664,-0.047685,-0.041372,0.050501,-0.038567,-0.040612,0.05947,0.007259,-0.047255,-0.038258,0.064734,-0.031448,-0.027215
6.68,0.003242,-0.043511,0.058003,-0.031913,-0.039564,-0.034757,0.043451,-0.019761,0.027708,-0.049415,-0.012518,-0.038286,0.067093,-0.042687,-0.018767,-0.025464,0.012794,0.006455,-0.047393,-0.041625,0.048734,-0.03787,-0.039837,6.12E-02,0.009862,-0.047619,-0.037636,0.063713,-0.030403,-0.025925
6.69,0.005777,-0.042993,0.056483,-0.030859,-0.039448,-0.034031,0.04596,-0.021404,0.025464,-0.049403,-0.010562,-0.037329,0.066888,-0.043399,-0.017079,-0.02387,0.01505,0.004282,-0.047049,-0.041832,0.046916,-0.037127,-0.038988,0.062672,0.012509,-0.04792,-0.037012,0.062592,-0.029341,-0.024573
6.7,0.008384,-0.042431,0.054887,-0.029741,-0.039321,-0.033237,0.048417,-0.022966,0.023212,-0.049336,-0.008515,-0.036329,0.066545,-0.044032,-0.015313,-0.022213,0.017352,0.002154,-0.046657,-0.042018,0.04505,-0.036323,-0.038042,0.063956,0.015189,-0.048157,-0.036389,0.061375,-0.028234,-0.023159
6.7,1.10E-02,-0.041834,0.053214,-0.02857,-0.039187,-0.032379,0.050797,-0.024478,0.020932,-0.049223,-0.006384,-0.035286,0.06604,-0.044605,-0.01348,-0.020491,0.019693,4.40E-05,-0.046238,-0.0422,0.043118,-0.035474,-0.037001,0.065046,0.017903,-0.048341,-0.035786,0.060049,-0.027086,-0.021672
6.71,0.013763,-0.041216,0.051454,-0.027359,-0.039041,-0.031486,0.053066,-0.025944,0.018633,-0.049064,-0.004203,-0.034226,0.065367,-0.045132,-0.011591,-0.018755,0.022058,-0.002045,-0.045782,-0.042371,0.041119,-0.034594,-0.035893,0.065931,0.020649,-0.048477,-0.03523,0.058616,-0.025928,-0.020145
6.72,0.016536,-0.040548,0.04962,-0.026081,-0.038871,-0.030529,0.055183,-0.027353,0.016328,-0.048851,-0.001952,-0.033142,0.064517,-0.045585,-0.009632,-0.016984,0.024447,-0.004098,-0.045292,-0.04251,0.039061,-0.033659,-0.034698,0.066603,0.023429,-0.048562,-0.034697,0.057078,-0.024736,-0.018533
6.73,0.01935,-0.039838,0.047746,-0.024736,-0.038672,-0.029483,5.71E-02,-0.028696,0.014037,-0.048579,0.000369,-0.03203,0.063528,-0.045976,-0.007611,-0.015164,0.026862,-0.006095,-0.044745,-0.042593,0.036973,-0.032676,-0.033401,0.067058,0.02624,-0.048589,-0.034186,0.055469,-0.023491,-0.016864
6.74,0.022226,-0.039092,0.045826,-0.023335,-0.03847,-0.028357,0.058941,-0.029991,0.011747,-0.048262,0.00278,-0.030929,0.062412,-0.046307,-0.005517,-0.013281,0.029357,-0.008056,-0.044166,-0.042636,0.034841,-0.031642,-0.032019,0.067292,0.029111,-0.048568,-0.033699,0.05379,-0.022195,-0.015125
6.74,0.025142,-0.038303,0.043861,-0.021873,-0.038273,-0.027168,0.060575,-0.031237,0.009474,-0.047899,0.005255,-0.029869,0.061164,-0.046588,-0.003363,-0.01137,0.031871,-0.009971,-0.043544,-0.042628,0.032677,-0.030565,-0.030576,0.067281,0.032029,-0.048513,-0.033256,0.052049,-0.020855,-0.013315
6.75,0.028068,-0.037472,0.041849,-0.020356,-0.038041,-0.025894,0.062,-0.032432,0.007205,-0.04749,0.007753,-0.028837,0.059782,-0.04682,-0.001154,-0.009438,0.034384,-0.01185,-0.042887,-0.042529,0.030472,-0.029437,-0.029068,0.067027,0.034971,-0.048407,-0.032802,0.050242,-0.019478,-0.01144
6.76,0.031012,-0.036588,0.039777,-0.018759,-0.037773,-0.024517,0.063225,-0.033584,0.004928,-0.047035,0.010332,-0.027826,0.058281,-0.047,0.001138,-0.007447,0.036906,-0.013704,-0.042182,-0.042353,0.028214,-0.028244,-0.027473,0.06656,0.037939,-0.04825,-0.032339,0.048368,-0.018027,-0.009484
6.77,0.033915,-0.035675,0.037711,-0.017127,-0.037507,-0.023063,0.064236,-0.034673,0.002706,-0.046543,0.012948,-0.026872,0.056714,-0.047127,0.003464,-0.005419,0.039417,-0.015493,-0.041446,-0.042148,0.025966,-0.027013,-0.025844,0.06592,0.040867,-0.048044,-0.031889,0.046494,-0.016515,-0.00748
6.78,0.036795,-0.034719,0.035625,-0.015413,-0.037226,-0.021514,0.06503,-0.035705,0.000516,-0.046022,0.015631,-0.025959,0.055074,-0.0472,0.005858,-0.003345,0.041916,-0.017234,-0.04068,-0.041904,0.023708,-0.025724,-0.02418,0.065104,0.043766,-0.047787,-0.031444,0.044593,-0.014941,-0.005396
6.78,0.039628,-0.033705,0.033497,-0.013623,-0.036884,-0.019866,0.065564,-0.036688,-0.001661,-0.045451,0.01835,-0.02506,0.05334,-0.047218,0.008336,-0.001226,0.044373,-0.018936,-0.039864,-0.041602,0.021421,-0.02437,-0.022469,0.064082,0.046597,-0.047479,-0.030973,0.04264,-0.013291,-0.003232
6.79,0.042385,-0.032645,0.031333,-0.011772,-0.036496,-0.018126,0.065834,-0.037627,-0.003824,-0.044844,0.021084,-0.024169,0.051526,-0.047196,0.010857,0.000931,0.046758,-0.020611,-0.039011,-0.041252,0.019107,-0.022957,-0.020736,0.062873,0.049331,-0.047128,-0.030471,0.040639,-0.011565,-0.000998
6.8,0.04511,-0.031545,0.029144,-0.009847,-0.036091,-0.016282,0.065875,-0.038528,-0.005968,-0.044215,0.023877,-0.023297,0.049647,-0.047144,0.013473,0.00315,0.049104,-0.022259,-0.03813,-0.040875,0.016774,-0.021484,-0.019003,0.061517,0.051981,-0.046734,-0.02997,0.038597,-0.009756,0.001322
6.81,0.047801,-0.030415,0.026988,-0.007876,-0.035664,-0.014373,0.065704,-0.039358,-0.008037,-0.043543,0.026683,-0.022451,0.047756,-0.047041,0.01613,0.005389,0.051328,-0.023825,-0.037219,-0.040478,0.014489,-0.019975,-0.0173,0.060059,0.054467,-0.0463,-0.029465,0.036568,-0.007893,0.003684
6.82,0.050528,-0.029222,0.024818,-0.005825,-0.035181,-0.012362,0.065317,-0.040122,-0.010065,-0.042811,0.029517,-0.021583,0.045817,-0.046876,0.018869,0.007674,0.053381,-0.025343,-0.036246,-0.040011,0.012201,-0.018393,-0.015592,0.058491,0.056775,-0.045795,-0.028912,0.034507,-0.005938,0.006135
6.82,0.053272,-0.027963,0.022616,-0.003682,-0.034625,-0.010239,0.064699,-0.040846,-0.012089,-0.042034,0.032382,-0.020679,0.043818,-0.046675,0.02173,0.010025,0.055215,-0.026841,-0.035223,-0.039457,0.009882,-0.016731,-0.013871,0.056804,0.05892,-0.045255,-0.028308,0.032394,-0.003879,0.008685
6.83,0.055915,-0.02667,0.020406,-0.001473,-0.034052,-0.008036,0.063865,-0.041543,-0.014089,-0.04123,0.035247,-0.019775,0.041789,-0.046453,0.024692,0.012413,0.056813,-0.028315,-0.034172,-0.038872,0.007568,-0.015019,-0.012176,0.055037,0.060894,-0.044687,-0.027685,0.03026,-0.001746,0.011321
6.84,0.058314,-0.025351,0.018226,0.000777,-0.033463,-0.005782,0.062834,-0.042174,-0.016018,-0.040387,0.038074,-0.018883,0.03976,-0.046183,0.027721,0.014812,0.058206,-0.029712,-0.03309,-0.038278,0.005297,-0.013267,-0.010521,0.053217,0.062693,-0.044089,-0.027071,0.028144,0.00044,0.014004
6.85,0.060418,-0.023966,0.016054,0.003112,-0.032811,-0.003443,0.061615,-0.042725,-0.017895,-0.039485,0.040873,-0.017954,0.037713,-0.045833,0.030825,0.017261,0.059435,-0.031053,-0.031943,-0.037626,0.003048,-0.011439,-0.008859,0.051339,0.064329,-0.043427,-0.026402,0.026023,0.00271,0.016769
6.86,0.062253,-0.022509,0.013868,0.005545,-0.032096,-0.000994,0.060215,-0.043249,-0.019754,-0.038541,0.043655,-0.016974,0.035634,-0.045447,0.033987,0.019766,0.060533,-0.032364,-0.030739,-0.036935,0.000797,-0.009523,-0.00717,0.049399,0.065764,-0.042731,-0.025678,0.023883,0.005099,0.019638
6.86,0.063842,-0.021023,0.0117,0.008034,-0.031352,0.001507,0.058668,-0.043735,-0.021578,-0.037587,0.046381,-0.015993,0.033546,-0.04504,0.037098,0.022294,0.061472,-0.033642,-0.029515,-0.036256,-0.001425,-0.007561,-0.005497,0.047425,0.06692,-0.04203,-0.024949,0.021754,0.007548,0.022546
6.87,0.06525,-0.019489,0.009539,0.010596,-0.030585,0.00406,0.056976,-0.044175,-0.023358,-0.036598,0.049062,-0.01501,0.031437,-0.044579,0.040129,0.024836,0.062208,-0.034877,-0.028255,-0.035584,-0.003621,-0.005542,-0.003836,0.045395,0.067766,-0.041289,-0.02421,0.019623,0.010062,0.025496
6.88,0.066439,-0.017903,0.007408,0.013223,-0.029779,0.006653,0.055188,-0.044544,-0.025064,-0.035574,0.051675,-0.014006,0.02933,-0.044074,0.043036,0.027394,0.062711,-0.036048,-0.026943,-0.034909,-0.005767,-0.003462,-0.002182,0.043335,0.068316,-0.040505,-0.023433,0.017512,0.012633,0.028454
6.89,0.067418,-0.016239,0.005271,0.015953,-0.02891,0.009335,0.053311,-0.044888,-0.026743,-0.034506,0.054256,-0.012951,0.027213,-0.043518,0.045875,0.030001,0.063004,-0.037196,-0.025567,-0.034197,-0.007904,-0.00129,-0.000488,0.041234,0.068612,-0.039677,-0.022597,0.015396,0.015311,0.031454
6.9,0.068164,-0.014537,0.00317,0.018731,-0.02801,0.01205,0.051381,-0.045206,-0.028371,-0.033428,0.056733,-0.011871,0.02512,-0.042951,0.048633,0.032626,0.063074,-0.038298,-0.024179,-0.03346,-0.009989,0.000923,0.001211,0.039123,0.068684,-0.03883,-0.021725,0.013312,0.018044,0.03444
6.9,0.068674,-0.012799,0.00109,0.021568,-0.027092,0.014791,0.049372,-0.045466,-0.029932,-0.032332,0.059071,-0.010776,0.023026,-0.042348,0.051349,0.035264,0.062894,-0.039342,-0.022754,-0.032705,-0.012029,0.003194,0.002905,0.036973,0.068557,-0.037951,-0.020828,0.011241,0.020827,0.037428
6.91,0.068949,-0.010991,-0.00098,0.024461,-0.026146,0.017557,0.047287,-0.045687,-0.031447,-0.031186,0.061218,-0.009657,0.020927,-0.041699,0.054037,0.037901,0.062451,-0.040341,-0.02128,-0.031912,-0.014036,0.005538,0.004606,0.034791,0.068241,-0.037017,-0.019894,0.009175,0.023657,0.040429
6.92,0.068966,-0.009123,-0.003018,0.027372,-0.025163,0.020333,0.045165,-0.045877,-0.032915,-0.030003,0.063148,-0.008499,0.01885,-0.041035,0.056647,0.040536,0.061755,-0.041298,-0.019753,-0.031065,-0.015993,0.007943,0.006319,0.032615,0.067722,-0.036055,-0.018905,0.007136,0.026518,0.043397
6.93,0.068701,-0.00719,-0.005045,0.030314,-0.024128,0.023172,0.042986,-0.046038,-0.034343,-0.028787,0.0649,-0.007271,0.016773,-0.040342,0.059153,0.043207,0.060818,-0.042217,-0.018191,-0.030147,-0.017918,0.010432,0.008085,0.030419,0.066973,-0.035064,-0.017837,0.005105,0.029464,0.046356
6.94,0.06817,-0.005237,-0.007012,0.033202,-0.023086,0.025996,0.040802,-0.046155,-0.035695,-0.027556,0.066458,-0.006015,0.014736,-0.039626,0.061411,0.045824,0.059669,-0.043066,-0.016609,-0.029201,-0.019765,0.012936,0.009852,0.028248,0.065984,-0.034057,-0.016734,0.003126,0.032411,0.049224
6.94,0.067417,-0.003212,-0.008958,0.036087,-0.02204,0.028809,0.038596,-0.046231,-0.03701,-0.026281,0.067839,-0.004732,0.012701,-0.038879,0.063398,0.048393,0.058317,-0.043863,-0.014976,-0.028229,-0.021571,0.015528,0.011625,0.026069,0.064758,-0.033015,-0.015599,0.00116,0.035361,0.052048
6.95,0.066467,-0.001122,-0.01088,0.038971,-0.020966,0.031603,0.036382,-0.04627,-0.038285,-0.024958,0.069053,-0.003405,0.010672,-0.038104,0.065086,0.050875,0.056796,-0.044616,-0.01329,-0.02721,-0.023337,0.01819,0.013412,0.02389,0.063335,-0.031944,-0.014408,-0.000789,0.038297,0.054821
6.96,0.065295,0.001033,-0.012781,0.041883,-0.019849,0.034418,0.034155,-0.046265,-0.039515,-0.023592,0.070106,-0.002,0.008644,-0.037284,0.066517,0.05333,0.055146,-0.045321,-0.011554,-0.026131,-0.025065,0.020924,0.015253,0.021712,0.061695,-0.030841,-0.01314,-0.002726,0.041269,0.057545
6.97,0.063911,0.003204,-0.014612,0.044799,-0.018735,0.037197,0.031978,-0.046211,-0.040667,-0.022222,0.070957,-0.000561,0.006674,-0.036436,0.067706,0.055711,0.053427,-0.045945,-0.009811,-0.025033,-0.026705,0.023682,0.017106,0.01959,0.059884,-0.029729,-0.011834,-0.0046,0.044221,0.060104
6.98,0.062351,0.005444,-0.016409,0.047783,-0.017601,0.039951,0.029808,-0.046114,-0.041767,-0.020799,0.071563,0.000923,0.004721,-0.035542,0.0687,0.058031,0.051614,-0.046519,-0.008012,-0.023896,-0.028308,0.026515,0.018982,0.017483,0.057928,-0.028578,-0.010485,-0.006446,0.047167,0.062463
6.98,0.060655,0.007739,-0.018178,0.050807,-0.016442,0.042646,0.027643,-0.045971,-0.042815,-0.019347,0.07187,0.002459,0.002777,-0.034608,0.069451,0.060239,0.049718,-0.047046,-0.006166,-0.022716,-0.029867,0.029406,0.020872,0.015382,0.055902,-0.027394,-0.00909,-0.008277,0.050057,0.064538
6.99,0.058806,0.010115,-0.019926,0.053835,-0.015249,0.045319,0.025467,-0.045787,-0.043816,-0.017844,0.071887,0.004055,0.000828,-0.033631,0.069911,0.062349,0.047743,-0.047524,-0.004255,-0.021487,-0.031407,0.032368,0.022804,0.013273,0.053802,-0.026167,-0.007633,-0.010106,0.052929,0.06633
7,0.056831,0.012512,-0.021606,0.056736,-0.014033,0.04793,0.023339,-0.045568,-0.044748,-0.016332,0.071626,0.005692,-0.00106,-0.032636,0.070075,0.064313,0.045749,-0.047958,-0.002324,-0.020227,-0.032881,0.035334,0.024751,0.011223,0.051664,-0.024916,-0.006146,-0.011867,0.055733,0.067817
7.01,0.054758,0.014942,-0.023228,0.059439,-0.012784,0.05049,0.021246,-0.045306,-0.045608,-0.014803,0.071108,0.007386,-0.002902,-0.031624,0.069959,0.066102,0.04374,-0.048336,-0.000368,-0.018923,-0.034291,0.038305,0.026727,0.009215,0.049499,-0.023651,-0.004607,-0.01358,0.058458,0.069062
7.02,0.052616,0.017443,-0.024816,0.061903,-0.011493,0.052986,0.019162,-0.044995,-0.04642,-0.013237,0.070339,0.009133,-0.004735,-0.030576,0.069592,0.067683,0.041706,-0.048673,0.001647,-0.017569,-0.035664,0.041289,0.028725,0.007219,0.047298,-0.022347,-0.003022,-0.015283,0.061065,0.070088
7.02,0.050402,0.020004,-0.026377,0.064145,-0.010165,0.055409,0.017084,-0.044641,-0.047195,-0.01162,0.069317,0.010921,-0.006555,-0.029494,0.068973,0.069045,0.039643,-0.048987,0.003723,-0.01618,-0.037005,0.044269,0.030731,0.005238,0.045044,-0.021004,-0.001394,-0.016964,0.063521,0.070862
7.03,0.048114,0.022604,-0.027879,0.06617,-0.008801,0.057764,0.015032,-0.044251,-0.047893,-0.009996,0.068056,0.01275,-0.00834,-0.028396,0.068107,0.070211,0.03757,-0.049249,0.005827,-0.014755,-0.038269,0.047218,0.032749,0.00329,0.042721,-0.019646,0.000264,-0.018604,0.065818,0.071319
7.04,0.045771,0.025226,-0.029321,0.067984,-0.00739,0.060064,0.013029,-0.043804,-0.04853,-0.008355,0.066595,0.014637,-0.010078,-0.027271,0.067007,0.071195,0.03551,-0.049458,0.007957,-0.013297,-0.039456,0.050122,0.034788,0.001391,0.040372,-0.018276,0.001969,-0.020202,0.067956,0.071404
7.05,0.043432,0.027882,-0.030715,0.06959,-0.005916,0.062292,0.011067,-0.043327,-0.049127,-0.00668,0.064971,0.01658,-0.011776,-0.026116,0.065711,0.071994,0.033463,-0.049631,0.010134,-0.011784,-0.040585,0.052993,0.036844,-0.000469,0.038046,-0.016873,0.003729,-0.021757,0.069922,0.071157
7.06,0.041101,0.030603,-0.03208,0.070982,-0.004391,0.06444,0.009124,-0.0428,-4.97E-02,-0.004972,0.063207,0.018566,-0.013461,-0.024919,0.06424,0.072578,0.031407,-0.04975,0.012367,-0.01024,-0.041658,0.055857,0.038906,-0.002311,0.035767,-0.015442,0.005534,-0.023301,0.071719,0.070652
7.06,0.038776,0.033356,-0.033386,0.072106,-0.002825,0.06649,0.00721,-0.042227,-0.050142,-0.003232,0.061314,0.020582,-0.015115,-0.023687,0.062572,0.072912,0.029344,-0.049809,0.01464,-0.008665,-0.042669,0.058677,0.040958,-0.004122,0.033531,-0.013979,0.007365,-0.024802,0.073351,0.069929
7.07,0.036486,0.036097,-0.034629,0.072897,-0.00123,0.068416,0.005354,-0.041611,-0.050545,-0.001485,0.059345,0.022619,-0.016708,-0.022445,0.060737,0.073002,0.027313,-0.049811,0.01692,-0.007084,-0.043612,0.061384,0.04299,-0.005869,0.03133,-0.01251,0.009217,-0.026258,0.074812,0.069021
7.08,0.034203,0.038869,-0.035841,0.073348,0.000448,0.070228,0.003534,-0.040963,-0.050906,0.000286,0.0573,0.02472,-0.018284,-0.02118,0.058761,0.072859,0.025305,-0.049766,0.019247,-0.00544,-0.044516,0.06398,0.045041,-0.007588,0.029131,-0.011022,0.011133,-0.027684,0.076125,0.067926
7.09,0.031942,0.041672,-0.037009,0.073444,0.002186,0.071881,0.001758,-0.040269,-0.051218,0.002093,0.055184,0.026862,-0.019817,-0.019875,0.056688,0.072488,0.023329,-0.049667,0.021612,-0.003752,-0.045371,0.066426,0.047079,-0.009269,0.026941,-0.009497,0.013098,-0.029079,0.077243,0.066647
7.1,0.029683,0.044497,-0.038123,0.073216,0.003962,0.073352,2.50E-05,-0.039506,-0.05145,0.003934,0.052986,0.029023,-0.021314,-0.018536,0.054521,0.071873,0.021376,-0.049495,0.024021,-0.002045,-0.046164,0.068675,0.049079,-0.010903,0.024742,-0.007941,0.015087,-0.030422,0.078127,0.065164
7.1,0.027404,0.047312,-0.039185,0.072682,0.005772,0.074628,-0.001666,-0.038699,-0.05163,0.005794,0.050722,0.031191,-0.022769,-0.017178,0.052257,0.07103,0.019452,-0.049266,0.026449,-0.000319,-0.046892,0.070678,0.051033,-0.012496,0.022526,-0.006365,0.017094,-0.031722,0.078752,0.063464
7.11,0.025114,0.050108,-0.040219,0.071881,0.007643,0.075718,-0.003322,-0.037858,-0.051771,0.007672,0.048412,0.033384,-0.024203,-0.015798,0.049909,0.069965,0.017562,-0.048993,0.028886,0.001451,-0.04759,0.072427,0.052954,-0.014055,0.02031,-0.004774,0.019143,-0.032995,0.079119,0.061577
7.12,0.022867,0.052864,-0.041204,0.070873,0.009564,0.076616,-0.004914,-0.036981,-0.051862,0.009555,0.046083,0.035581,-0.025581,-0.014414,0.047547,0.0687,0.015729,-0.048668,0.031335,0.003256,-0.04824,0.07393,0.054822,-0.015552,0.018142,-0.003183,0.021218,-0.034216,0.079221,0.059577
7.13,0.020654,0.055626,-0.042139,0.069666,0.011543,0.077315,-0.006466,-0.036033,-0.051884,0.011494,0.043701,0.037796,-0.026927,-0.012976,0.045144,0.06722,0.013927,-0.048272,0.033832,0.005106,-0.048822,0.075226,0.056643,-0.017012,0.015986,-0.00153,0.023332,-0.035381,0.079052,0.057466
7.14,0.018496,0.058318,-0.043021,0.068273,0.013539,0.077783,-0.007963,-0.035025,-0.051841,0.013455,0.041302,0.039979,-0.028223,-0.011505,0.042739,0.06555,0.012175,-0.047799,0.036341,0.006965,-0.049357,0.076244,0.058362,-0.018412,0.013869,0.000143,0.025436,-0.036491,0.078617,0.055277
7.14,0.01638,0.060942,-0.043878,0.066671,0.01559,0.078021,-0.009435,-0.033977,-0.051756,0.015432,0.038849,0.042162,-0.029496,-0.010018,0.040334,0.063696,0.010434,-0.047283,0.038853,0.008871,-0.049848,0.076937,0.059985,-0.01979,0.01178,0.00183,0.027565,-0.037578,0.077921,0.052993
7.15,0.014328,0.063485,-0.044702,0.064889,0.017689,0.078017,-0.010859,-0.032901,-0.051626,0.017409,0.036393,0.044332,-0.030735,-0.008526,0.037955,0.061705,0.00873,-0.046715,0.041367,0.010823,-0.0503,0.077261,0.061487,-0.021128,0.009744,0.00352,0.029709,-0.038627,0.076991,0.050657
7.16,0.012331,0.065944,-0.045474,0.06295,0.019819,0.077771,-0.012224,-0.031765,-0.051427,0.019416,0.033938,0.046478,-0.031923,-0.007,0.035625,0.059602,0.007086,-0.046088,0.043884,0.012804,-0.05068,0.077196,0.062841,-0.022396,0.007762,0.005242,0.031853,-0.039623,0.07584,0.048288
7.17,0.010378,0.068316,-0.046185,0.060873,0.021971,0.077285,-0.013523,-0.030554,-0.051144,0.021454,0.031492,0.048588,-0.033053,-0.005429,0.033333,0.057393,0.005482,-0.045369,0.046416,0.014805,-0.050984,0.07676,0.064031,-0.023606,0.005826,0.006997,0.033985,-0.04056,0.074486,0.045894
7.18,0.008452,0.070563,-0.046843,0.058672,0.02416,0.076547,-0.01479,-0.0293,-0.050789,0.023508,0.029029,0.050671,-0.034146,-0.003838,0.031048,0.055068,0.003894,-0.044594,0.048936,0.016847,-0.051233,0.075985,0.065049,-0.024782,0.003927,0.008769,0.036119,-0.041464,0.072926,0.04348
7.18,0.006557,0.072646,-0.047479,0.056371,0.026379,0.075574,-0.016025,-0.028015,-0.050405,0.025557,0.026571,0.052718,-0.035207,-0.002248,0.028771,0.052657,0.002334,-0.043789,0.051422,0.018928,-0.051445,0.074912,0.065896,-0.025926,0.002073,0.010543,0.038252,-0.042345,0.071184,0.041046
7.19,0.004696,0.074553,-0.048066,0.054002,0.028624,0.074374,-0.017208,-0.026675,-0.049956,0.027615,0.024136,0.054713,-0.036225,-0.000632,0.026511,0.050188,0.000802,-0.042923,0.053863,0.021045,-0.051606,0.073607,0.066571,-0.027024,0.000263,0.012331,0.040387,-0.04318,0.069266,0.038608
7.2,0.002872,0.076277,-0.048572,0.051611,0.030885,0.072954,-0.018326,-0.025269,-0.049425,0.029701,0.021728,0.056616,-0.037172,0.001022,0.02427,0.047674,-0.000682,-0.041972,0.05627,0.023188,-0.051698,0.072129,0.067054,-0.028052,-0.001495,0.014154,0.042517,-0.043935,0.067179,0.036188
7.21,0.001087,0.077785,-4.90E-02,0.049187,0.033167,0.071318,-0.0194,-0.023788,-0.048828,0.031815,0.019347,0.0584,-0.038069,0.002718,0.022031,0.045122,-0.002152,-0.040946,0.058623,0.02536,-0.051739,0.070493,0.067332,-0.029035,-0.003204,0.016012,0.044647,-0.044642,0.064921,0.033775
7.22,-0.000663,0.079015,-0.049466,0.046728,0.035448,0.069484,-0.020442,-0.022285,-0.0482,0.033915,0.016993,0.060035,-0.038933,0.004417,0.0198,0.042547,-0.003594,-0.039878,0.060888,0.027546,-0.051757,0.068702,0.067394,-0.029987,-0.004844,0.017863,0.046774,-0.045317,0.062522,0.031384
7.22,-0.002377,0.079918,-0.049851,0.044249,0.037714,0.067475,-0.021433,-0.02076,-0.047526,0.035982,0.01469,0.061504,-0.039748,0.006099,0.017587,0.039972,-0.005013,-0.038772,0.063056,0.029736,-0.051734,0.066765,0.067242,-0.030888,-0.006429,0.019698,0.048886,-0.045936,0.060009,0.029005
7.23,-0.004065,0.08051,-0.050177,0.041719,0.039991,0.065276,-0.022378,-0.019172,-0.046781,0.038066,0.012423,0.06282,-0.04051,0.00782,0.015364,0.037383,-0.006404,-0.037585,0.065177,0.031954,-0.05164,0.064668,0.066876,-0.03174,-0.007972,0.021565,0.051001,-0.046497,0.057376,0.026629
7.24,-0.005681,0.080792,-0.05043,0.039214,0.042246,0.062923,-0.023272,-0.017515,-0.045967,0.040157,0.010213,0.063977,-0.041216,0.009579,0.013188,0.034808,-0.007759,-0.036325,0.067248,0.034172,-0.051484,0.062461,0.066316,-0.032537,-0.009437,0.023458,0.053082,-0.047003,0.054673,0.024314
7.25,-0.007263,0.08077,-0.050642,0.0367,0.044499,0.060397,-0.02414,-0.015813,-0.045104,0.042261,0.008027,0.064976,-0.041876,0.011367,0.011037,0.032228,-0.009114,-0.035001,0.06928,0.03641,-0.051278,0.06012,0.06555,-0.033304,-0.010854,0.025377,0.055125,-0.047473,0.05188,0.022024
7.26,-0.008785,0.080409,-0.050805,0.034215,0.046699,0.057742,-0.024959,-0.014107,-0.044211,0.044311,0.005904,0.065791,-0.04249,0.013134,0.008935,0.029679,-0.010428,-0.033645,0.071191,0.038618,-0.051033,0.057676,0.0646,-0.034023,-0.012227,0.027265,0.057062,-0.047906,0.04906,0.01978
7.26,-0.010304,0.079678,-0.050908,0.031698,0.048881,0.054934,-0.025751,-0.012342,-0.043252,0.046343,0.003812,0.066435,-0.043053,0.014918,0.006837,0.027132,-0.011736,-0.032223,0.072984,0.040837,-0.050725,0.055096,0.063459,-0.034703,-0.013586,0.029161,0.058907,-0.048287,0.046171,0.017535
7.27,-0.011761,0.078629,-0.050946,0.029247,0.050998,0.052054,-0.026497,-0.01055,-0.04224,0.048337,0.001798,0.066887,-0.043539,0.016708,0.004819,0.02464,-0.013006,-0.030742,0.074611,0.043029,-0.050364,0.052475,0.062155,-0.035331,-0.014907,0.031047,0.060611,-0.0486,0.04328,0.015356
7.28,-0.013168,0.077298,-0.050926,0.026841,0.053072,0.049083,-0.027214,-0.00871,-0.041172,0.050325,-0.000172,0.067153,-0.043974,0.018531,0.002882,0.022174,-0.014253,-0.029204,0.076062,0.045219,-0.049958,0.049812,0.060672,-0.035912,-0.016185,0.032955,0.062193,-0.048864,0.040353,0.013238
7.29,-0.01453,0.075708,-0.050859,0.024485,0.055088,0.046049,-0.027907,-0.00683,-0.040035,0.052276,-0.0021,0.06723,-0.044357,0.020368,0.001011,0.019728,-0.015486,-0.027595,0.07728,0.047395,-0.049497,0.047123,0.059017,-0.036462,-0.017433,0.034863,0.063647,-0.049079,0.037395,0.011161
7.3,-0.015892,0.073866,-0.050735,0.022139,0.057029,0.04297,-0.028579,-0.004927,-0.038836,0.054158,-0.003978,0.067115,-0.044682,0.022198,-0.000824,0.01732,-0.016701,-0.025938,0.078222,0.049541,-0.048985,0.044393,0.057194,-0.036971,-0.018687,0.036746,0.064975,-0.049233,0.034417,0.009098
7.3,-0.017249,0.071792,-0.050552,0.019807,0.058896,0.039847,-0.029227,-0.002999,-0.037577,0.055967,-0.005803,0.066807,-0.044956,0.024024,-0.00262,0.014939,-0.017893,-0.024231,0.078884,0.051654,-0.048415,0.041637,0.055207,-0.037426,-0.019945,0.038606,0.066178,-0.049324,0.03142,0.007054
7.31,-0.018554,0.069541,-0.050318,0.017549,0.060679,0.036711,-0.029848,-0.001046,-0.036256,0.057719,-0.007571,0.066317,-0.045183,2.59E-02,-0.004333,0.01261,-0.019064,-0.022464,0.079283,0.053712,-0.047784,0.038917,0.053089,-3.78E-02,-0.021166,0.04045,0.067232,-0.049357,0.028427,0.005077
7.32,-0.019811,0.067157,-0.050024,0.01537,0.062364,0.033579,-0.030458,0.00094,-0.034864,0.059414,-0.009281,0.065639,-0.04536,0.027697,-0.005948,0.01033,-0.020212,-0.020641,0.079409,0.055693,-0.047104,0.036265,0.050864,-0.038224,-0.022331,0.042283,0.068096,-0.049336,0.02545,0.003181
7.33,-0.021062,0.064622,-0.049659,0.013215,0.063945,0.030424,-0.031054,0.002965,-0.033396,0.061053,-0.010939,0.064756,-0.045491,0.029555,-0.007519,0.008071,-0.02134,-0.018749,0.079243,0.057586,-0.046346,0.033619,0.048531,-0.038559,-0.02349,0.044108,0.06873,-0.049251,0.022461,0.001313
7.34,-0.022292,0.061969,-0.049244,0.011086,0.0654,0.027294,-0.031622,0.004988,-0.031872,0.062599,-0.012528,0.063674,-0.045566,0.031385,-0.009054,0.005859,-0.02244,-0.016821,0.078768,5.94E-02,-0.04553,0.030992,0.046131,-0.03886,-0.02464,0.045882,0.069099,-0.049105,0.019498,-0.000524
7.34,-0.023489,0.059197,-0.048771,0.008975,0.066734,0.024166,-0.03219,0.007025,-0.030292,0.064075,-0.014071,0.062386,-0.0456,0.033206,-0.010541,0.003674,-0.023529,-0.014842,0.078,0.061001,-0.044665,0.028371,0.043656,-0.039138,-0.025767,0.047633,0.069197,-0.048906,0.016534,-0.002332
7.35,-0.024619,0.056377,-0.048255,0.006931,0.067929,0.021083,-0.03274,0.009077,-0.02865,0.065489,-0.015548,0.060911,-0.045594,0.035027,-0.011958,0.001525,-0.024599,-0.012815,0.076981,0.062524,-0.043741,0.025802,0.041148,-0.039383,-0.026843,0.049367,0.069039,-0.048658,0.013602,-0.004065
7.36,-0.025681,0.053533,-0.04767,0.004956,0.068968,0.018064,-0.033276,0.011148,-0.026947,0.066827,-0.016958,0.059278,-0.045527,0.036852,-0.013299,-0.000579,-0.025639,-0.010732,0.075728,0.063909,-0.042744,0.023307,0.038617,-0.039592,-0.027873,0.051081,0.068657,-0.048353,0.010717,-0.005714
7.37,-0.026697,0.050621,-0.047019,0.003001,0.069845,0.015084,-0.033783,0.013243,-0.025168,0.068064,-0.018309,0.057484,-0.045403,0.038685,-0.0146,-0.002659,-0.026653,-0.008583,0.074218,0.065184,-0.041663,0.020812,0.036045,-0.039756,-0.02888,0.052763,0.068083,-0.047973,0.007854,-0.007333
7.38,-0.027658,0.047671,-0.046316,0.001079,0.070537,0.01219,-0.034283,0.015307,-0.023352,0.069121,-0.019588,0.055575,-0.045236,0.040468,-0.015855,-0.004694,-0.027637,-0.006424,0.072463,0.066331,-0.040528,0.018354,0.033471,-0.039896,-0.029846,0.054359,0.067345,-0.047539,0.005059,-0.008897
7.38,-0.028572,0.044691,-0.045566,-0.000803,0.071021,0.009366,-0.034775,0.017351,-0.021501,0.06998,-0.02082,0.053556,-0.045031,0.042215,-0.017061,-0.006704,-0.028606,-0.004244,0.070481,0.06736,-0.039342,0.015922,0.030884,-0.04002,-0.030764,0.055869,0.06645,-0.047065,0.002308,-0.010402
7.39,-0.029436,0.041707,-0.044745,-0.002633,0.071286,0.006616,-0.035259,0.019404,-0.019587,0.07064,-0.022005,0.051441,-0.044774,0.04395,-0.018209,-0.008688,-0.029553,-0.002014,0.068288,0.068257,-0.038081,0.013551,0.028303,-0.040118,-0.031622,0.057324,0.065398,-0.046514,-0.000393,-0.011841
7.4,-0.030255,0.038718,-0.043834,-0.004412,0.071311,0.003957,-0.035711,0.021473,-0.017592,0.071094,-0.023133,0.049237,-0.044456,0.045674,-0.019306,-0.010635,-0.030461,0.000277,0.065878,0.068994,-0.036719,0.011231,0.02573,-0.040183,-0.032419,0.058713,0.064174,-0.045887,-0.003023,-0.01322
7.41,-0.031041,0.035715,-0.042846,-0.006151,0.071095,0.001392,-0.036157,0.02353,-0.015541,0.071327,-0.024206,0.046948,-0.044095,0.047353,-0.020371,-0.01255,-0.031333,0.002593,0.063249,0.069553,-0.035288,0.008947,0.023179,-0.040223,-0.033173,0.060017,0.062773,-0.045197,-0.005581,-0.014543
7.42,-0.031817,0.032715,-0.041804,-0.007837,0.070647,-0.001081,-0.036594,0.025541,-0.01347,0.071338,-0.02524,0.044591,-0.0437,0.048951,-0.021416,-0.014437,-0.032182,0.004897,0.060419,0.069918,-0.033808,0.006711,0.020659,-0.040263,-0.033889,0.061207,0.061217,-0.044454,-0.008068,-0.015834
7.42,-0.032602,0.029726,-0.040701,-0.009481,0.069973,-0.003455,-0.037048,0.027533,-0.011354,0.071135,-0.026241,0.042164,-0.043292,0.050489,-0.022438,-0.016301,-0.033002,0.00722,0.057425,0.070093,-0.032275,0.004523,0.018175,-0.040297,-0.034583,0.062285,0.059505,-0.043668,-0.010476,-0.017093
7.43,-0.033386,0.02677,-0.039507,-0.011066,0.069072,-0.005738,-0.037478,0.02953,-0.009166,0.070725,-0.027202,0.039662,-0.042828,0.051985,-0.023432,-0.018135,-0.03378,0.009576,0.05432,0.070072,-0.030644,0.002392,0.01572,-0.040301,-0.03525,0.063258,0.057651,-0.042798,-0.012809,-0.018303
7.44,-0.034154,0.023866,-0.038223,-0.012577,0.067954,-0.007922,-0.037884,0.031526,-0.006902,0.070111,-0.028115,0.037108,-0.042312,0.05344,-0.024403,-0.019925,-0.034514,0.011957,0.051156,0.069856,-0.028929,0.000326,0.013309,-0.040267,-0.035886,0.064112,0.055676,-0.041849,-0.015058,-0.019471
7.45,-0.034886,0.021017,-0.036878,-0.014032,0.066641,-0.009995,-0.038289,0.033489,-0.004609,0.06926,-0.028992,0.03453,-0.041771,0.054822,-0.025359,-0.021678,-0.035219,0.01433,0.047956,0.069451,-0.027162,-0.001681,0.010955,-0.040224,-0.03652,0.064806,0.053605,-0.040858,-0.017204,-0.020608
7.46,-0.035595,0.018205,-0.035493,-0.015435,0.06514,-0.011971,-0.038682,0.035405,-0.002298,0.068156,-0.029849,0.031933,-0.041212,0.056125,-0.026307,-0.023403,-0.035896,0.016675,0.044726,0.068838,-0.025345,-0.003645,0.00865,-0.040183,-0.03716,0.06532,0.05144,-0.03983,-0.01926,-0.021728
7.46,-0.036272,0.015441,-0.034038,-0.01679,0.063454,-0.013854,-0.039048,0.03729,5.90E-05,0.066804,-0.030679,0.029322,-0.040599,0.057344,-0.027241,-0.025093,-0.036539,0.019012,0.041485,0.068021,-0.023458,-0.005561,0.006388,-0.040116,-0.037766,0.065646,0.049174,-0.038747,-0.021226,-0.022823
7.47,-0.036883,0.012752,-0.032499,-0.018088,0.061599,-0.015628,-0.039372,0.039157,0.002473,0.065234,-0.031476,0.026712,-0.039946,0.058478,-0.02814,-0.026719,-0.037139,0.021358,0.03826,0.067004,-0.021487,-0.007407,0.004182,-0.040025,-0.038339,0.065803,0.046817,-0.037597,-0.023076,-0.023869
7.48,-0.03745,0.010162,-0.030906,-0.019319,0.059604,-0.017297,-0.039662,0.04099,0.004919,0.063457,-0.032253,0.024127,-0.03926,0.059503,-0.028997,-0.028295,-0.037691,0.023687,0.035079,0.065812,-0.019453,-0.009177,0.002039,-0.039916,-0.03887,0.065796,0.044391,-0.036402,-0.024805,-0.024862
7.49,-0.038004,0.007607,-0.029248,-0.020525,0.057464,-0.018888,-0.039936,0.042778,0.007407,0.061444,-0.033031,0.02153,-0.038538,0.060397,-0.029835,-0.029835,-0.038228,0.026002,0.031883,0.064436,-0.017351,-0.010899,-7.30E-05,-0.039797,-0.039392,0.065601,0.041866,-0.035158,-0.026452,-0.025833
7.5,-0.038537,0.005104,-0.027536,-0.021717,0.055214,-0.020385,-0.040181,0.044497,0.009899,0.059212,-0.033796,0.018954,-0.037793,0.061144,-0.030643,-0.031321,-0.038712,0.028272,0.028701,0.062863,-0.0152,-0.012581,-0.002128,-0.039662,-0.039901,0.065205,0.03928,-0.033862,-0.027985,-0.026785
7.5,-0.039043,0.002666,-0.025767,-0.022895,0.052867,-0.021776,-0.040387,0.046161,0.012417,0.056794,-0.034546,0.01641,-0.037019,0.061772,-0.031412,-0.032731,-0.039154,0.030505,0.025555,0.061087,-0.012984,-0.014217,-0.004118,-0.0395,-0.040387,0.064626,0.036641,-0.032517,-0.02939,-0.027708
7.51,-0.039501,0.000307,-0.023912,-0.024053,0.050425,-0.023094,-0.040555,0.047801,0.014978,0.054219,-0.035291,0.013869,-0.036191,0.062316,-0.032136,-0.034092,-0.039535,0.032727,0.022454,0.059084,-0.010679,-0.015784,-0.006065,-0.039302,-0.040837,0.063872,0.033945,-0.031106,-0.030689,-0.028595
7.52,-0.03993,-0.001968,-0.021991,-0.025172,0.047907,-0.024322,-0.040689,0.049401,0.017558,0.051517,-0.036023,0.01137,-0.035323,0.062739,-0.032796,-0.03538,-0.039876,0.034908,0.019424,0.056884,-0.008318,-0.01729,-0.007953,-0.039071,-0.04124,0.062927,0.031229,-0.029636,-0.031879,-0.029439
7.53,-0.040329,-0.004193,-0.020015,-0.026276,0.045325,-0.025469,-0.040793,0.050933,0.020132,0.048681,-0.036743,0.008902,-0.034432,0.062997,-0.03343,-0.036597,-0.040179,0.037025,0.016434,0.054518,-0.005907,-0.018758,-0.009782,-0.038812,-0.041575,0.061751,0.028497,-0.028142,-0.032959,-0.030271
7.54,-0.040679,-0.006375,-0.017983,-2.74E-02,0.042678,-0.026538,-0.040849,0.052398,0.022692,0.045733,-0.037447,0.006479,-0.033513,0.063054,-0.034033,-0.03774,-0.040428,0.039064,0.013476,0.052011,-0.003456,-0.020213,-0.011552,-0.038522,-0.041862,0.060337,0.025763,-0.026603,-0.033928,-0.031082
7.54,-0.040994,-0.008508,-0.015867,-0.028434,0.039957,-0.027543,-0.040863,0.053807,0.025272,0.042697,-0.038148,0.004081,-0.032555,0.062907,-0.034594,-0.038811,-0.040645,0.041054,0.010562,0.049377,-0.000929,-0.021622,-0.01328,-0.038198,-0.042107,0.058692,0.023016,-0.025013,-0.0348,-0.031847
7.55,-0.041269,-0.01055,-0.013687,-0.02943,0.037194,-0.02849,-0.040833,0.055164,0.027839,0.039657,-0.038832,0.001729,-0.031562,0.062587,-0.035126,-0.039794,-0.040836,0.042984,0.007749,0.046662,0.001649,-0.022978,-0.014951,-0.037828,-0.042287,0.056881,0.020284,-0.023379,-0.035581,-0.032557
7.56,-0.041505,-0.012511,-0.011461,-0.030363,0.034411,-0.029379,-0.040753,0.056429,0.030385,0.036617,-0.039507,-0.000558,-0.030539,0.062084,-0.03562,-0.040678,-0.040998,0.044843,0.005035,0.0439,0.004264,-0.024285,-0.016563,-0.037425,-0.042425,0.054913,0.017587,-0.021707,-0.036274,-0.033223
7.57,-0.041741,-0.014449,-0.00916,-0.031263,0.031571,-0.030221,-0.040631,0.057583,0.032916,0.033508,-0.04018,-0.002808,-0.029476,0.061368,-0.036126,-0.041469,-0.041135,0.046645,0.002345,0.041061,0.006942,-0.02558,-0.018135,-0.036982,-0.042575,0.052746,0.014892,-0.019975,-0.036876,-0.033854
7.58,-0.041991,-0.016338,-0.006825,-0.032115,0.028726,-0.03101,-0.04046,0.0586,0.035386,0.030392,-0.040826,-0.004989,-0.028391,0.060448,-0.036611,-0.042158,-0.041237,0.048352,-0.00028,0.038192,0.009633,-0.02685,-0.01964,-0.036497,-0.042744,0.05044,0.01225,-0.018218,-0.037395,-0.03446
7.58,-0.04222,-0.018165,-0.004445,-0.032902,0.025849,-0.031774,-0.040244,0.059514,0.037808,0.027286,-0.041461,-0.007128,-0.027271,0.059348,-0.037079,-0.042745,-0.04131,0.049993,-0.002817,0.035272,0.012364,-0.028079,-0.021116,-0.035976,-0.042901,0.04802,0.009623,-0.016407,-0.037848,-0.035041
7.59,-0.042402,-0.019901,-0.002009,-0.033637,0.022955,-0.032518,-0.03997,0.060342,0.040193,0.024222,-0.042077,-0.009215,-0.026106,0.058088,-0.037509,-0.04325,-0.041355,0.05158,-0.005254,0.032318,0.015137,-0.029239,-0.022546,-0.035401,-0.043029,0.045522,0.007027,-0.014539,-0.038244,-0.035578
7.6,-0.042571,-0.021579,0.000476,-0.034357,0.020066,-0.033228,-0.039627,0.06108,0.042501,0.021197,-0.042646,-0.011231,-0.024882,0.056666,-0.037941,-0.043652,-0.041359,0.053093,-0.007602,0.029358,0.017936,-0.030346,-0.023923,-0.034761,-0.043121,0.042943,0.004487,-0.012614,-0.038565,-0.036107
7.61,-0.042735,-0.023225,0.002988,-0.035073,0.017173,-0.033894,-0.039237,0.061709,0.044707,0.018189,-0.043176,-0.013182,-0.023617,0.05507,-0.038373,-0.043963,-0.041327,0.054513,-0.0099,0.026391,0.020749,-0.031418,-0.025244,-0.034076,-0.043139,0.040266,0.001993,-0.010647,-0.038821,-0.036629
7.62,-0.042852,-0.024809,0.005523,-0.03576,0.014274,-0.03454,-0.038797,0.062229,0.046798,0.015213,-0.043659,-0.015082,-0.02232,0.05331,-0.038791,-0.0442,-0.04128,0.055832,-0.012135,0.023416,0.023563,-0.032438,-0.026521,-0.033335,-0.043077,0.0375,-0.000461,-0.008644,-0.039039,-0.037154
7.62,-0.0429,-0.026327,0.008089,-0.03642,0.011371,-0.035172,-0.038317,0.06264,0.048782,0.012304,-0.044118,-0.016939,-0.020968,0.051421,-0.039204,-0.04437,-0.041217,0.057077,-0.014271,0.020439,0.026385,-0.033395,-0.027768,-0.032535,-0.042983,0.034689,-0.002879,-0.006597,-0.039228,-0.037641
7.63,-0.04289,-0.027763,0.010695,-0.037042,0.008481,-0.035761,-0.037776,0.062938,0.050672,0.00947,-0.044511,-0.018739,-0.01955,0.049421,-0.039587,-0.044462,-0.041125,0.058255,-0.016316,0.017476,0.02922,-0.034289,-0.028968,-0.031666,-0.042887,0.031855,-0.00525,-0.004495,-0.039376,-0.038115
7.64,-0.042828,-0.029151,0.013339,-0.037622,0.005624,-0.036311,-0.037181,0.063086,0.052458,0.006688,-0.044842,-0.02047,-0.018069,0.047301,-0.039955,-0.044463,-0.040997,0.059344,-0.018292,0.014545,0.032054,-0.035143,-0.030107,-0.030716,-0.042787,0.028995,-0.007553,-0.002341,-0.039483,-0.038564
7.65,-0.042729,-0.030482,0.015993,-0.038191,0.002797,-0.036829,-0.036522,0.06305,0.054126,0.003946,-0.045129,-0.022151,-0.016528,0.045056,-0.040304,-0.044389,-0.040846,0.06032,-0.020214,0.011643,0.034857,-0.035969,-0.0312,-0.029699,-0.042698,0.026103,-0.009808,-0.000155,-0.039572,-0.039008
7.66,-0.0426,-0.031753,0.018632,-0.038719,1.70E-05,-0.037336,-0.035838,0.062842,0.055673,0.001284,-0.045366,-0.023773,-0.014964,0.04273,-0.040611,-0.044259,-0.040692,0.061175,-0.022052,0.008781,0.037603,-0.036769,-0.032253,-0.028643,-0.042597,0.023227,-0.012014,0.00204,-0.039663,-0.03942
7.66,-0.042431,-0.032959,0.021303,-0.039222,-0.002735,-0.03782,-0.0351,0.062493,0.057146,-0.001311,-0.045547,-0.025357,-0.01333,0.040331,-0.040872,-0.044052,-0.040523,0.06193,-0.023811,0.005939,0.040322,-0.037542,-0.033268,-0.027516,-0.042438,0.020371,-0.014184,0.004282,-0.039752,-0.039805
7.67,-0.042252,-0.034102,0.024006,-0.039687,-0.005434,-0.038275,-0.034268,0.06201,0.058549,-0.003823,-0.045644,-0.02688,-0.011603,0.037859,-0.0411,-0.04375,-0.040305,0.062594,-0.025499,0.003144,0.043005,-0.038295,-0.034228,-0.026293,-0.042226,0.017545,-0.0163,0.006584,-0.039831,-0.040164
7.68,-0.042065,-0.035187,0.026703,-0.040156,-0.00805,-0.038689,-0.033369,0.061396,0.059853,-0.006253,-0.045661,-0.028338,-0.00982,0.035342,-0.041298,-0.043381,-0.04005,0.063149,-0.027115,0.000418,0.045609,-0.039022,-0.035126,-0.024998,-0.041958,0.014766,-0.018348,0.008909,-0.039903,-0.040488
7.69,-0.041839,-0.036227,0.029381,-0.04059,-0.010599,-0.039089,-0.032436,0.060627,0.061053,-0.008611,-0.045614,-0.029748,-0.007996,0.032749,-0.041456,-0.042972,-0.039782,0.063583,-0.028659,-0.002258,0.048118,-0.03971,-0.03598,-0.023656,-0.041615,0.012019,-0.020352,0.011251,-0.039985,-0.040795
7.7,-0.041581,-0.037216,0.032045,-0.041,-0.013114,-0.03947,-0.031454,0.0597,0.062142,-0.010907,-0.0455,-0.031142,-0.006116,0.030095,-0.041584,-0.042536,-0.039496,0.063906,-0.030148,-0.004896,0.05054,-0.040356,-0.03681,-0.02226,-0.041209,0.009299,-0.022333,0.013613,-4.01E-02,-0.041081
7.7,-0.041302,-0.038151,0.034695,-0.041383,-0.015551,-0.039816,-0.030405,0.058633,0.063127,-0.013106,-0.045305,-0.032478,-0.004161,0.027428,-0.041694,-0.042083,-0.03917,0.064136,-0.031545,-0.007471,0.052876,-0.040956,-0.037596,-0.020779,-0.04075,0.006647,-0.024266,0.01601,-0.040168,-0.041331
7.71,-0.040978,-0.039043,0.037345,-0.041747,-0.017921,-0.040117,-0.029282,0.057429,0.064013,-0.015216,-0.045012,-0.033759,-0.002117,0.024752,-0.041776,-0.041601,-0.038781,0.064273,-0.032883,-0.009977,0.055144,-0.041521,-0.038328,-0.019215,-0.040244,0.004059,-0.026145,0.018459,-0.040228,-0.041564
7.72,-0.040604,-0.039898,0.039966,-0.042095,-0.020235,-0.040379,-0.028099,0.056072,0.064778,-0.017249,-0.044637,-0.034998,1.00E-06,0.022069,-0.041823,-0.041126,-0.038351,0.064291,-0.034162,-0.012421,0.057314,-0.04206,-0.039019,-0.017568,-0.039664,0.001523,-0.027979,0.020937,-0.040278,-0.041783
7.73,-0.040203,-0.040704,0.042496,-0.042398,-0.022466,-0.040625,-0.026882,0.054581,0.065397,-0.01919,-0.044216,-0.036185,0.002139,0.019412,-0.041844,-0.040671,-0.03789,0.064173,-0.03536,-0.014777,0.059325,-0.042554,-0.039677,-0.015894,-0.039054,-0.000934,-0.02976,0.023397,-0.040331,-0.041972
7.74,-0.039738,-0.041482,0.044977,-0.042676,-0.024651,-0.04085,-0.025615,0.05295,0.065887,-0.021071,-0.043715,-0.037325,0.004342,0.016746,-0.041831,-0.040235,-0.037385,0.063925,-0.036516,-0.017088,0.061214,-0.043039,-0.040306,-0.014155,-0.0384,-0.003351,-0.031509,0.025877,-0.040372,-0.042136
7.74,-0.039228,-0.042223,0.047412,-0.042925,-0.026765,-0.041043,-0.024279,0.051217,0.066273,-0.022869,-0.043137,-0.03841,0.006625,0.014121,-0.041783,-0.039793,-0.036804,0.063571,-0.037615,-0.019323,0.06297,-0.043491,-0.040883,-0.012317,-0.037714,-0.00569,-0.033208,0.028399,-0.040385,-0.042266
7.75,-0.038665,-0.042895,0.04977,-0.043131,-0.02879,-0.041211,-0.022874,0.049399,0.066549,-0.02457,-0.042466,-0.039445,0.008978,0.011557,-0.04171,-0.039366,-0.036153,0.063109,-0.038632,-0.021471,0.064574,-0.043899,-0.041422,-0.0104,-0.037012,-0.007935,-0.034839,0.030927,-0.040377,-0.042346
7.76,-0.038063,-0.043506,0.05205,-0.04329,-0.030736,-0.041357,-0.021428,0.047473,0.066705,-0.026202,-0.041735,-0.040443,0.011388,0.009029,-0.041612,-0.038956,-0.035441,0.062517,-0.03958,-0.023549,0.066003,-0.044268,-0.041927,-0.008423,-0.036271,-0.010114,-0.036423,0.03346,-0.040349,-0.042371
7.77,-0.037418,-0.044065,0.054211,-0.043419,-0.032579,-0.041487,-0.019951,0.045443,0.066728,-0.02776,-0.040946,-0.041398,0.013815,0.006541,-0.04149,-0.038567,-0.034682,0.061778,-0.04047,-0.025541,0.067229,-0.044593,-0.042401,-0.006404,-0.035491,-0.012223,-0.037942,0.035946,-0.040307,-0.042363
7.78,-0.036753,-0.044563,0.056268,-0.043525,-0.03433,-0.04159,-0.018419,0.043316,0.066631,-0.029263,-0.04008,-0.042316,0.016294,0.004094,-0.041359,-0.038192,-0.03385,0.060901,-0.0413,-0.02746,0.068264,-0.04488,-0.042839,-0.004323,-0.034693,-0.014268,-0.039401,0.038405,-0.040237,-0.042334
7.78,-0.03605,-0.045001,0.058231,-0.043608,-0.035983,-0.041662,-0.016822,0.041122,0.066438,-0.03068,-0.039133,-0.043192,0.018821,0.001712,-0.041217,-0.037813,-0.032933,0.059906,-0.042051,-0.029306,0.069137,-0.045122,-0.043248,-0.002166,-0.033862,-0.01623,-0.040798,0.040833,-0.040139,-0.042271
7.79,-0.035265,-0.045372,0.060092,-0.043657,-0.037542,-0.041708,-0.015164,0.038863,0.066146,-0.032021,-0.038112,-0.044026,0.021409,-0.0006,-0.04103,-0.037445,-0.03193,0.058792,-0.042723,-0.031072,0.069865,-0.045304,-0.04362,7.50E-05,-0.03296,-0.018105,-0.042136,0.043237,-0.040017,-0.042174
7.8,-0.034419,-0.045692,0.061803,-0.043673,-0.03901,-0.041729,-0.013446,0.036537,0.065732,-0.033288,-0.037026,-0.044812,0.024011,-0.002863,-0.040797,-0.037089,-0.030852,0.057543,-0.04334,-0.032747,0.070442,-0.045434,-0.043965,0.002367,-0.031994,-0.019907,-0.043393,0.045567,-0.039878,-0.042054
7.81,-0.033513,-0.045994,0.063342,-0.043674,-0.040388,-0.041724,-0.011681,0.034134,0.065189,-0.034495,-0.035878,-0.045557,0.026612,-0.00509,-0.040522,-0.036727,-0.029695,0.05615,-0.043911,-0.034347,0.070854,-0.04554,-0.044277,0.004699,-0.030963,-0.021655,-0.044576,0.047807,-0.039719,-0.041919
7.82,-0.032532,-0.046267,0.064697,-0.043641,-0.041679,-0.041696,-0.009865,0.03169,0.064532,-0.035635,-0.03468,-0.046263,0.029206,-0.007251,-0.040181,-0.036372,-0.028457,0.054643,-0.04444,-0.035857,0.071124,-0.045615,-0.044557,0.007078,-0.029861,-0.023334,-0.045681,0.049964,-0.039544,-0.04175
7.82,-0.031481,-0.046483,0.065886,-0.043554,-0.042888,-0.041645,-0.007982,0.029237,0.063784,-0.036676,-0.03344,-0.046922,0.0318,-0.00933,-0.039754,-0.036013,-0.027133,0.053052,-0.044901,-0.03728,0.071257,-0.04564,-0.044811,0.009512,-0.028685,-0.024914,-0.046702,0.052049,-0.039352,-0.04154
7.83,-0.030375,-0.046661,0.066902,-0.043422,-0.044014,-0.041563,-0.006023,0.026766,0.062936,-0.037625,-0.032151,-0.047536,0.034405,-0.011331,-0.039284,-0.035632,-0.025697,0.051374,-0.045305,-0.038602,0.07124,-0.045626,-0.045032,0.012002,-0.02743,-0.026404,-0.047632,0.054046,-0.039133,-0.041288
7.84,-0.029216,-0.046812,0.067732,-0.043256,-0.045053,-0.041445,-0.003991,0.02427,0.061969,-0.03852,-0.030814,-0.048105,0.036994,-0.013294,-0.03876,-0.035235,-0.024173,0.049593,-0.045672,-0.039829,0.071055,-0.045586,-0.045217,0.01454,-0.02609,-0.027843,-0.048469,0.055917,-0.038876,-0.040986
7.85,-0.027999,-0.046927,0.068374,-0.043049,-0.04601,-0.041305,-0.001909,0.021746,0.060875,-0.039365,-0.029476,-0.048621,0.039552,-0.015214,-0.038194,-0.034819,-0.022562,0.047714,-0.046012,-0.040967,0.070702,-0.045514,-0.045375,0.017096,-0.024668,-0.029232,-0.049222,0.057632,-0.038605,-0.040638
7.86,-0.026718,-0.046989,0.068831,-0.042788,-0.046905,-0.041145,0.000247,0.019227,0.059667,-0.040134,-0.028127,-0.04911,0.042077,-0.017068,-0.037563,-0.034392,-0.02086,0.045749,-0.046291,-0.04203,0.070195,-0.045396,-0.045518,0.019688,-0.023183,-0.030537,-0.049902,0.059192,-0.038319,-0.040249
7.86,-0.025391,-0.04699,0.06913,-0.042482,-0.047718,-0.040948,0.002459,0.016755,0.058381,-0.040808,-0.026764,-0.049537,0.044534,-0.018821,-0.036902,-0.033931,-0.019076,0.043746,-0.0465,-0.043,0.069567,-0.045237,-0.045629,0.022304,-0.021628,-0.031746,-0.050499,0.060592,-0.038002,-0.039805
7.87,-0.024004,-0.046945,0.06927,-0.042141,-0.04845,-0.040716,0.004762,0.014302,0.056996,-0.041439,-0.02539,-0.049907,0.046922,-0.020525,-0.036202,-0.033434,-0.017179,0.041676,-0.04667,-0.043882,0.068821,-0.045038,-0.045701,0.024969,-0.020015,-0.032901,-0.051011,0.061848,-0.03765,-0.039321
7.88,-0.022556,-0.046863,0.069228,-0.041755,-0.049121,-0.040457,0.007154,0.011838,0.055498,-0.042033,-0.023997,-0.050236,0.049209,-0.022196,-0.035448,-0.032894,-0.015172,0.039521,-0.046802,-0.044696,0.067945,-0.044807,-0.045743,0.027677,-0.018333,-3.40E-02,-0.051453,0.062935,-0.03727,-0.038798
7.89,-0.021056,-0.046741,0.068998,-0.041342,-0.049709,-0.040181,0.009566,0.009423,0.053904,-0.04256,-0.022624,-0.05051,0.051332,-0.023784,-0.034648,-0.032335,-0.013111,0.037316,-0.046884,-0.045445,0.066946,-0.044548,-0.045756,0.03037,-0.016586,-0.035058,-0.051825,0.063818,-0.03687,-0.038243
7.9,-0.019454,-0.046561,0.068605,-0.040858,-0.050227,-0.039881,0.01205,0.00703,0.052223,-0.04304,-0.021259,-0.050733,0.053342,-0.025318,-0.03377,-0.031744,-0.010956,0.035055,-0.046912,-0.046126,0.065835,-0.04424,-0.045737,0.033094,-0.014745,-0.036036,-0.052134,0.064526,-0.036453,-0.037602
7.9,-0.017797,-0.04634,0.068075,-0.04033,-0.050661,-0.039552,0.014606,0.004694,0.05048,-0.043454,-0.019873,-0.050895,0.055231,-0.02677,-0.032842,-0.031109,-0.008703,0.032776,-0.046883,-0.04673,0.064646,-0.043877,-0.045674,0.035839,-0.012847,-0.036939,-0.052368,0.065052,-0.036002,-0.036912
7.91,-0.016083,-0.046095,0.067396,-0.039766,-0.051023,-0.039182,0.017258,0.002389,0.048646,-0.043826,-0.018454,-0.050986,0.057006,-0.028174,-0.031868,-0.030401,-0.006328,0.030454,-0.046814,-0.047281,0.063356,-0.043488,-0.045561,0.038627,-0.01088,-0.037788,-0.052537,0.065394,-0.035499,-0.036185
7.92,-0.014316,-0.045817,0.066571,-0.039172,-0.051289,-0.038787,0.019905,0.000143,0.046752,-0.044165,-0.017062,-0.051005,0.058606,-0.029501,-0.03084,-0.02967,-0.003909,0.028123,-0.046714,-0.047746,0.06198,-0.04307,-0.04541,0.041346,-0.008867,-0.038575,-0.052639,0.065533,-0.034981,-0.035401
7.93,-0.012456,-0.045491,0.065587,-0.038498,-0.051483,-0.038384,0.022584,-0.00208,0.044766,-0.044443,-0.015672,-0.050969,0.060048,-0.030783,-0.029725,-0.028915,-0.001425,0.025747,-0.046559,-0.048163,0.060504,-0.042585,-0.045234,0.044005,-0.006763,-0.039309,-0.052691,0.065487,-0.034446,-0.034535
7.94,-0.010518,-0.045126,0.064469,-0.037776,-0.051613,-0.03795,0.025298,-0.004247,0.042715,-0.044667,-0.014271,-0.050867,0.061334,-0.032,-0.028537,-0.028117,0.001146,0.023363,-0.046352,-0.048524,0.058947,-0.042057,-0.045016,0.046591,-0.004586,-0.039972,-0.05269,0.065278,-0.033876,-0.033597
7.94,-0.008525,-0.044718,0.063244,-0.037017,-0.051665,-0.037465,0.02806,-0.006357,0.040614,-0.044852,-0.012828,-0.050685,0.062468,-0.033154,-0.027299,-0.027252,0.003811,0.020977,-0.046114,-0.048828,0.057335,-0.041483,-0.044738,0.049092,-0.002369,-0.04058,-0.052615,0.064926,-0.033255,-0.03261
7.95,-0.006473,-0.044288,0.061923,-0.036218,-0.051642,-0.036949,0.030834,-0.008409,0.038474,-0.04499,-0.011373,-0.050431,0.063417,-0.034237,-0.026004,-0.026348,0.006547,0.018606,-0.045831,-0.049073,0.055663,-0.040877,-0.044418,0.051458,-0.000112,-0.041141,-0.052467,0.064435,-0.032593,-0.03158
7.96,-0.004343,-0.043809,0.060497,-0.035349,-0.051564,-0.036413,0.033599,-0.010411,0.036275,-0.04508,-0.009907,-0.050123,0.064137,-0.035252,-0.024621,-0.025418,0.009321,0.016234,-0.045509,-0.049269,0.053907,-0.040221,-0.044066,0.053656,0.002205,-0.041638,-0.052263,0.063774,-0.031912,-0.030476
7.97,-0.002117,-0.043274,0.058949,-0.034411,-0.051432,-0.03584,0.036376,-0.012394,0.033992,-0.045117,-0.00841,-0.049739,0.06462,-0.036224,-0.023156,-0.024445,0.012163,0.01383,-0.04514,-0.049427,0.052049,-0.039488,-0.043663,0.055714,0.004593,-0.042108,-0.051985,0.062945,-0.031193,-0.029295
7.98,0.000179,-0.042713,0.057348,-0.033438,-0.051247,-0.03524,0.039131,-0.014308,0.031698,-0.045109,-0.006889,-0.049295,0.064875,-0.037127,-0.021619,-0.023438,0.015033,0.011472,-0.044736,-0.049542,0.050148,-0.038729,-0.043219,0.057618,0.007018,-0.042518,-0.051634,0.061999,-0.030435,-0.028067
7.98,0.002544,-0.042123,0.055679,-0.032402,-0.051011,-0.034588,0.041895,-0.016165,0.029383,-0.045062,-0.005305,-0.048777,0.064925,-0.037973,-0.020013,-0.02237,0.017978,0.009137,-0.044311,-0.049615,0.048196,-0.037923,-0.042715,0.059388,0.009501,-0.042898,-0.051221,0.060937,-0.029626,-0.026769
7.99,0.004964,-0.041468,0.053947,-0.031305,-0.050714,-0.033898,0.044618,-0.017966,0.02704,-0.044952,-0.00367,-0.048194,0.064774,-0.038761,-0.018335,-0.021254,0.020956,0.006822,-0.043832,-0.049641,0.046193,-0.037063,-0.042162,0.06097,0.012023,-0.043225,-0.050726,0.059762,-0.028774,-0.025416
8,0.007474,-0.040773,0.052125,-0.030145,-0.050359,-0.033174,0.04726,-0.019722,0.024651,-0.044805,-0.002004,-0.047528,0.064436,-0.039498,-0.016567,-0.020102,0.023952,0.00452,-0.04332,-0.049622,0.044111,-0.036151,-0.041546,0.062337,0.014621,-0.043498,-0.050163,0.058453,-0.027889,-0.023991
8.01,0.010027,-0.04006,0.050249,-0.028922,-0.049969,-0.032421,0.04977,-0.021427,0.022264,-0.044646,-0.000304,-0.04682,0.063929,-0.040204,-0.014731,-0.018916,0.026932,0.002258,-0.042789,-0.049582,0.041992,-0.035193,-0.040899,0.063466,0.017271,-0.04375,-0.04955,0.057036,-0.026981,-0.022499
8.02,0.012655,-0.039297,0.048318,-0.027633,-0.049539,-0.031622,0.052219,-0.02309,0.019842,-0.044454,0.00147,-0.046049,0.063286,-0.040857,-0.01281,-0.017675,0.029959,6.00E-06,-0.042222,-0.049531,0.039819,-0.034174,-0.040195,0.064414,0.019999,-0.043961,-0.048885,0.055531,-0.026024,-0.020932
8.02,0.015338,-0.038489,0.046348,-0.026279,-0.049064,-0.030763,0.054575,-0.024665,0.017436,-0.044213,0.00332,-0.045202,0.062498,-0.041442,-0.010805,-0.016367,0.033013,-0.00219,-0.041597,-0.049443,0.037619,-0.033099,-0.039414,0.065179,0.022801,-0.044109,-0.048157,0.053945,-0.025006,-0.01929
8.03,0.018055,-0.037642,0.044342,-0.024847,-0.048544,-0.029847,0.056793,-0.026179,0.015035,-0.04393,0.005221,-0.044281,0.061564,-0.041974,-0.008726,-0.015005,0.036059,-0.00433,-0.040943,-0.049316,0.035387,-0.031967,-0.038562,0.065752,0.025666,-0.044212,-0.047365,0.05229,-0.023935,-0.017568
8.04,0.020817,-0.036768,0.042291,-0.023357,-0.048013,-0.028907,0.058828,-0.027648,0.012619,-0.043623,0.007164,-0.043322,0.060487,-0.042468,-0.006574,-0.013612,0.039097,-0.006453,-0.040267,-0.049177,0.033107,-0.030792,-0.037673,0.066128,0.028597,-0.044285,-0.046543,0.050558,-0.022844,-0.015781
8.05,0.023619,-0.035865,0.040209,-0.021805,-0.04748,-0.027927,0.060616,-0.029061,0.010212,-0.043293,0.009155,-0.042336,0.059279,-0.042913,-0.004359,-0.012179,0.042109,-0.00853,-0.039564,-0.049031,0.030792,-0.029573,-0.03674,0.06628,0.031567,-0.044326,-0.045709,0.048764,-0.021716,-0.013929
8.06,0.02649,-0.034903,0.038096,-0.020168,-0.046909,-0.026871,0.062157,-0.030403,0.007804,-0.042909,0.011222,-0.041274,0.057948,-0.043292,-0.00204,-0.010667,0.045121,-0.010565,-0.03882,-0.048825,0.02845,-0.028286,-0.035719,0.066198,0.034595,-0.044311,-0.04481,0.046915,-0.020518,-0.011975
8.06,0.029396,-0.033888,0.035981,-0.01845,-0.046301,-0.025757,0.06347,-0.031677,0.005428,-0.042478,0.013356,-0.04016,0.056537,-0.043603,0.000359,-0.009101,0.048101,-0.012544,-0.038034,-0.048532,0.026094,-0.026933,-0.034632,0.065892,0.0376,-0.044244,-0.04386,0.045043,-0.019267,-0.009939
8.07,0.032291,-0.032851,0.033865,-0.016685,-0.045679,-0.024596,0.064572,-0.032891,0.003079,-0.042027,0.015535,-0.039017,0.05504,-0.043871,0.002798,-0.007478,0.050985,-0.014466,-0.037234,-0.048167,0.023734,-0.025544,-0.033497,0.065366,0.040511,-0.044145,-0.042882,0.043143,-0.017967,-0.007844
8.08,0.035198,-0.031776,0.031715,-0.014851,-0.045037,-0.023376,0.065484,-0.034068,0.00072,-0.041547,0.017759,-0.037825,0.053436,-0.044109,0.005333,-0.0058,0.053769,-0.016369,-0.036408,-0.047703,0.021334,-0.024106,-0.032294,0.064614,0.043355,-0.044013,-0.041853,0.041182,-0.016609,-0.00566
8.09,0.038083,-0.030649,0.02955,-0.012941,-0.044356,-0.022112,0.066197,-0.035184,-0.001618,-0.041032,0.020021,-0.036598,0.051746,-0.044293,0.007933,-0.004086,0.056434,-0.018231,-0.035547,-0.047157,0.018909,-0.022595,-0.031038,0.063676,0.046121,-0.043833,-0.040777,0.039188,-0.015216,-0.003394
8.1,0.040938,-0.029473,0.027397,-0.010953,-0.043645,-0.02078,0.066686,-0.036222,-0.003915,-0.040476,0.022331,-0.035335,0.05001,-0.044422,0.010611,-0.002306,0.058989,-0.020026,-0.03465,-0.046526,0.016502,-0.021025,-0.029716,0.062591,0.048826,-0.043608,-0.039663,0.037187,-0.013755,-0.001043
8.1,0.04378,-0.02826,0.025259,-0.008898,-0.042894,-0.019375,0.066928,-0.037196,-0.006174,-0.039896,0.024694,-0.034017,0.048238,-0.044506,0.013355,-0.00045,0.061452,-0.021763,-0.033729,-0.045847,0.014108,-0.019399,-0.028323,0.061382,0.051501,-0.043349,-0.038502,0.03519,-0.012225,0.001393
8.11,0.046641,-0.027004,0.023105,-0.006771,-0.042106,-0.017901,0.066901,-0.038128,-0.008413,-0.039299,0.027104,-0.032651,0.046416,-0.044554,0.016171,0.001469,0.063808,-0.023478,-0.032785,-0.045137,0.0117,-0.017718,-0.02686,0.060041,0.054098,-0.043059,-0.037307,0.033174,-0.010622,0.003903
8.12,0.049515,-0.025702,0.020933,-0.004576,-0.041278,-0.016383,0.06662,-0.039014,-0.010629,-0.03867,0.029521,-0.031258,0.044538,-0.044568,0.019055,0.003427,0.066019,-0.02516,-0.031811,-0.044386,0.009292,-0.015984,-0.025353,0.058573,0.056517,-0.042728,-0.036095,0.031133,-0.008981,0.006503
8.13,0.052328,-0.02436,0.018773,-0.002311,-0.040417,-0.014812,0.066136,-0.039846,-0.012798,-0.038017,0.031935,-0.029832,0.042627,-0.044539,0.021995,0.005422,0.06804,-0.026776,-0.030806,-0.043621,0.0069,-0.014192,-0.023798,0.057002,0.058673,-0.04236,-0.034874,0.029094,-0.007291,0.00918
8.14,0.055003,-0.022959,0.016624,4.50E-05,-0.039498,-0.013166,0.065501,-0.040634,-0.014927,-0.037326,0.034398,-0.028353,0.040689,-0.044465,0.025009,0.007497,0.069872,-0.028355,-0.029759,-0.042839,0.004533,-0.012322,-0.022174,0.055346,0.060576,-0.041946,-0.033628,0.02706,-0.005516,0.011954
8.14,0.057426,-0.02153,0.014514,0.002445,-0.038527,-0.011446,0.064732,-0.04137,-0.016989,-0.036613,0.036854,-0.026827,0.038752,-0.044345,0.02804,0.009625,0.071453,-0.029867,-0.028693,-0.042043,0.002216,-0.010418,-0.020485,0.053633,0.062243,-0.041497,-0.03237,0.025062,-0.003678,0.014785
8.15,0.059608,-0.020051,0.012388,0.004934,-0.037507,-0.009647,0.063782,-0.042069,-0.019025,-0.035871,0.039331,-0.025253,0.036758,-0.044185,0.031129,0.011825,0.072765,-0.031353,-0.027591,-0.041211,-0.000109,-0.008437,-0.018728,0.051817,0.063762,-0.041017,-0.031093,0.023039,-0.001758,0.017724
8.16,0.061553,-0.01853,0.010282,0.007475,-0.036466,-0.007823,0.062651,-0.042718,-0.021005,-0.035106,0.041731,-0.023668,0.034746,-0.043979,0.03419,0.014037,0.073778,-0.032787,-0.026461,-0.040349,-0.002388,-0.006412,-0.016959,0.049941,0.065142,-0.040504,-0.029829,0.021029,0.000185,0.020701
8.17,0.063355,-0.016959,0.008182,0.010091,-0.035368,-0.005935,0.061334,-0.043332,-0.022946,-0.034294,0.044096,-0.022044,0.032705,-0.043732,0.037245,0.016294,0.07452,-0.034191,-0.025285,-0.039442,-0.004648,-0.004315,-0.015135,0.047998,0.066397,-0.039955,-0.02854,0.019019,0.002191,0.023749
8.18,0.065005,-0.015347,0.00611,0.012768,-0.034214,-0.003951,0.059859,-0.043885,-0.024823,-0.033454,0.046419,-0.020361,0.030663,-0.043445,0.040258,0.018623,0.075002,-0.035527,-0.024079,-0.038503,-0.006863,-0.002158,-0.013234,0.046013,0.067484,-0.039372,-0.027221,0.01703,0.004291,0.026841
8.18,0.066428,-0.013682,0.004067,0.015516,-0.033015,-0.001883,0.058264,-0.044399,-0.026651,-0.032583,0.048671,-0.018639,0.028625,-0.043122,0.043233,0.021017,0.075218,-0.036825,-0.022831,-0.037546,-0.009037,7.30E-05,-0.011273,0.043997,0.068371,-0.038746,-0.02587,0.015064,0.006475,0.029973
8.19,0.067529,-0.011983,0.00206,0.0183,-0.031783,0.000217,0.056551,-0.044864,-0.028421,-0.031684,0.05078,-0.016913,0.026596,-0.042754,0.046194,0.023415,0.075131,-0.038077,-0.021554,-0.036569,-0.011157,0.002355,-0.009298,0.04195,0.069021,-0.038091,-0.024512,0.013125,0.008686,0.033106
8.2,0.068339,-0.010243,6.10E-05,0.021139,-0.030511,0.002369,0.054715,-0.045289,-0.030145,-0.030757,0.052749,-0.015165,0.024544,-0.042351,0.049231,0.025826,0.074731,-0.039278,-0.02025,-0.035564,-0.013238,0.004692,-0.007287,0.039841,0.069423,-0.037385,-0.02313,0.01118,0.010944,0.036266
8.21,0.068909,-0.008452,-0.001921,0.024043,-0.029198,0.004598,0.052794,-0.045671,-0.031819,-0.029798,0.054618,-0.013381,0.022489,-0.041905,0.052355,0.028292,0.074059,-0.040438,-0.018906,-0.034522,-0.015283,0.007101,-0.005225,0.037701,0.069491,-0.036641,-0.021702,0.009242,0.013281,0.039456
8.22,0.069281,-0.006626,-0.003837,0.02699,-0.027843,0.006884,0.050844,-0.046023,-0.033427,-0.028815,0.05639,-0.011585,0.020484,-0.04143,0.055439,0.030781,0.07316,-0.041543,-0.017536,-0.033442,-0.017247,0.009559,-0.003134,0.035584,0.069188,-0.03587,-0.020257,0.007361,0.015669,0.042634
8.22,0.069434,-0.00475,-0.005711,0.030017,-0.02644,0.009246,0.048832,-0.046318,-0.034968,-0.027799,0.05805,-0.009756,0.018494,-0.040904,0.058377,0.033306,0.072038,-0.042584,-0.016134,-0.032309,-0.019146,0.012089,-0.00099,0.033455,0.068568,-0.035061,-0.018757,0.005505,0.018128,0.045815
8.23,0.069327,-0.002826,-0.007575,0.033118,-0.024998,0.011659,0.046745,-0.046569,-0.03646,-0.026741,0.059551,-0.007907,0.01649,-0.040327,0.061067,0.035832,0.070689,-0.043577,-0.014681,-0.031139,-0.021003,0.01468,0.001188,0.031294,0.067706,-0.034207,-0.017227,0.003643,0.020634,0.048974
8.24,0.06892,-0.000848,-0.009426,0.036302,-0.023529,0.014116,0.044596,-0.046808,-0.037924,-0.025654,0.060829,-0.00605,0.014481,-0.039718,0.063495,0.038364,0.069126,-0.044549,-0.013198,-0.029937,-0.022828,0.017343,0.003388,0.029114,0.066658,-0.033327,-0.015665,0.001782,0.023181,0.052086
8.25,0.068246,0.001148,-0.011213,0.039525,-0.022056,0.016599,0.042436,-0.047015,-0.039316,-0.024559,0.061838,-0.004192,0.012516,-0.039094,0.065676,0.040873,0.067387,-0.045463,-0.011695,-0.028722,-0.024571,0.020029,0.005599,0.026969,0.065475,-0.03244,-0.014091,-2.60E-05,0.025745,0.055096
8.26,0.06732,0.003201,-0.012951,0.042827,-0.020535,0.01916,0.040253,-0.047157,-0.040639,-0.023419,0.062584,-0.002287,0.010571,-0.038403,0.067689,0.043408,0.065476,-0.046314,-0.010156,-0.027459,-0.026251,0.022781,0.007872,0.024838,0.064149,-0.031505,-0.012452,-0.001806,0.028378,0.05802
8.26,0.066187,0.005318,-0.014652,0.046177,-0.018989,0.021765,0.038059,-0.047242,-4.19E-02,-0.022226,0.063067,-0.000353,0.008646,-0.037662,0.069502,0.045915,0.063413,-0.047119,-0.008547,-0.026155,-0.02787,0.025596,0.01019,0.022728,0.062678,-0.030523,-0.01077,-0.003565,0.031039,0.060815
8.27,0.064858,0.007461,-0.016319,0.049495,-0.017451,0.024383,0.035862,-0.047294,-0.043144,-0.021016,0.063291,0.001575,0.00674,-0.036911,0.071034,0.048329,0.061213,-0.047879,-0.006923,-0.02483,-0.029434,0.028432,0.01251,0.020637,0.061088,-0.029531,-0.009082,-0.005303,0.033685,0.063463
8.28,0.063371,0.009635,-0.017953,0.052754,-0.015905,0.027024,0.033656,-0.047302,-0.044323,-0.019788,0.063266,0.003514,0.004838,-0.03614,0.072227,0.05062,0.058871,-0.0486,-0.005278,-0.023481,-0.030948,0.031297,0.014852,0.018547,0.059352,-0.028524,-0.007362,-0.007027,0.036327,0.065971
8.29,0.061742,0.01186,-0.019545,0.055909,-0.014341,0.029714,0.03146,-0.047259,-0.045445,-0.018513,0.063008,0.005488,0.002964,-0.035313,0.073056,0.052785,0.056428,-0.049274,-0.003576,-0.022095,-0.032403,0.0342,0.017251,0.01648,0.05747,-0.027469,-0.005598,-0.008721,0.038975,0.068325
8.3,0.060051,0.014146,-0.021088,0.058934,-0.012756,0.032445,0.0293,-0.047163,-0.046496,-0.017198,0.062537,0.007487,0.001128,-0.034446,0.073589,0.05482,0.053918,-0.049877,-0.001827,-0.02066,-0.033783,0.03714,0.019684,0.014455,0.055506,-0.026376,-0.003802,-0.010378,0.041627,0.070471
8.3,0.058315,0.016468,-0.022575,0.06184,-0.011152,0.035195,0.02716,-0.047025,-0.04748,-0.015852,0.061836,0.009512,-0.000678,-0.033557,0.073878,0.05672,0.051349,-0.050425,-4.70E-05,-0.019183,-0.035102,0.040108,0.022155,0.01246,0.0535,-0.025262,-0.001968,-0.012,0.044265,0.072367
8.31,0.056484,0.018815,-0.024034,0.064634,-0.009528,0.037938,0.025021,-0.046855,-0.048398,-0.014487,0.060909,0.011548,-0.002471,-0.032648,0.073913,0.058463,0.04871,-0.050918,0.001765,-0.017665,-0.036359,0.043092,0.024641,0.010478,0.051467,-0.024127,-0.000116,-0.013599,0.046869,0.073972
8.32,0.054531,0.021201,-0.02546,0.067303,-0.007908,0.040658,0.022895,-0.046642,-0.049249,-0.013097,0.059762,0.013583,-0.00425,-0.031707,0.073684,0.060026,0.046031,-0.05135,0.003612,-0.016136,-0.03757,0.046087,0.027133,0.008518,0.049401,-0.022958,0.001746,-0.01519,0.049428,0.07527
8.33,0.052458,0.023626,-0.026832,0.06982,-0.006257,0.043363,0.020794,-0.046384,-0.050013,-0.011663,0.058398,0.015646,-0.005986,-0.03073,0.073214,0.061396,0.043318,-0.051705,0.0055,-0.014545,-0.03871,0.049105,0.029649,0.006596,0.047283,-0.021755,0.003643,-0.016729,0.051932,0.07625
8.34,0.050304,0.026108,-0.028154,0.072151,-0.004557,0.046059,0.01872,-0.046078,-0.050685,-0.010204,0.056824,0.017748,-0.007683,-0.029721,0.072511,0.062571,0.040586,-0.051991,0.007438,-0.012905,-0.039777,0.052152,0.032196,0.004715,0.045099,-0.020523,0.005584,-0.018236,0.054364,0.076906
8.34,0.048109,0.028617,-0.029434,0.074214,-0.00284,0.048727,0.016671,-0.045721,-0.051302,-0.008703,0.055074,0.019861,-0.009357,-0.028672,0.071567,0.063541,0.037847,-0.05222,0.00941,-0.011233,-0.040798,0.055183,0.034736,0.002869,0.042818,-0.019257,0.007541,-0.019711,0.056669,0.077213
8.35,0.045907,0.031168,-0.030686,0.075992,-0.001101,0.051378,0.014614,-0.045331,-0.051849,-0.007178,0.053131,0.021991,-0.011017,-0.027591,0.070382,0.064276,0.035072,-0.052391,0.011423,-0.009523,-0.041774,0.058196,0.037274,0.001042,0.040437,-0.017955,0.009516,-0.021179,0.058827,0.077163
8.36,0.04376,0.033727,-0.031889,0.077482,0.00065,0.053972,0.012577,-0.044897,-0.05231,-0.005638,0.051056,0.024108,-0.012636,-0.026494,0.068993,0.064743,0.032297,-0.0525,0.01345,-0.007801,-0.042682,0.061142,0.039766,-0.000749,0.038034,-0.016645,0.011488,-0.022598,0.060814,0.076814
8.37,0.041652,0.036325,-0.033053,0.078701,0.002431,0.056522,0.010576,-0.044414,-0.052697,-0.004064,0.048895,0.026237,-0.014221,-0.02536,0.067434,0.064942,0.029541,-0.052549,0.015521,-0.006048,-0.043537,0.064011,4.22E-02,-0.002494,0.035694,-0.0153,0.013478,-0.023989,0.062658,0.076218
8.38,0.039552,0.038964,-0.034175,0.079655,0.004259,0.059013,0.008597,-0.043875,-0.053017,-0.002437,0.046665,0.028403,-0.015763,-0.024184,0.065715,0.064861,0.026795,-0.052538,0.017645,-0.004247,-0.044336,0.066801,0.044737,-0.004204,0.033465,-0.013905,0.015509,-0.025344,0.064364,0.075373
8.38,0.037462,0.041616,-0.035248,0.080313,0.006099,0.061368,0.00664,-0.043288,-0.053254,-0.0008,0.044372,0.030562,-0.017272,-0.022986,0.063879,0.064504,0.024073,-0.052458,0.019786,-0.002426,-0.045067,0.069475,0.047199,-0.005866,0.031368,-0.0125,0.017541,-0.026659,0.065868,0.074305
8.39,0.035342,0.044287,-0.036296,0.080648,0.00795,0.063552,0.004688,-0.042653,-0.053447,0.000864,0.041996,0.032706,-0.018751,-0.02176,0.061919,0.063883,0.021348,-0.05233,0.021964,-0.00059,-0.045746,0.072005,0.049619,-0.007509,0.029355,-0.011069,0.019567,-0.027956,0.067131,0.073021
8.4,0.033187,0.046958,-0.037321,0.080663,0.009814,0.065558,0.002751,-0.041979,-0.053594,0.002563,0.039585,0.034841,-0.020211,-0.020512,0.059853,0.063058,0.018649,-0.052151,0.024175,0.001256,-0.04639,0.074355,0.052006,-0.009128,0.027398,-0.009609,0.021593,-0.029234,0.06813,0.071553
8.41,0.031009,0.049628,-0.038302,0.080376,0.011705,0.067391,0.00085,-0.04125,-0.053679,0.004283,0.037173,0.036983,-0.021615,-0.019241,0.057725,0.062053,0.016007,-0.051894,0.026406,0.003125,-0.046968,0.0765,0.05437,-0.01069,0.025479,-0.008135,0.023629,-0.030464,0.068864,0.069934
8.42,0.028785,0.052306,-0.039239,0.079764,0.013632,0.069048,-0.001016,-0.040459,-0.053709,0.00604,0.034747,0.039138,-0.022972,-0.017927,0.055532,0.060848,0.013412,-0.051573,0.028679,0.00503,-0.047488,0.078434,0.056713,-0.012213,0.023551,-0.006616,0.025685,-0.031652,0.069331,0.068153
8.42,0.026544,0.054958,-0.040148,0.078849,0.015564,0.070489,-0.002868,-0.03962,-0.05368,0.007822,0.032327,0.041272,-0.024296,-0.01659,0.053308,0.059441,0.010848,-0.051197,0.03098,0.006943,-0.047974,0.080105,0.058997,-0.0137,0.021615,-0.005082,0.027728,-0.032817,0.069518,0.06622
8.43,0.024292,0.05758,-0.041035,0.07766,0.017508,0.071692,-0.004726,-0.038729,-0.053593,0.009631,0.02989,0.043392,-0.025602,-0.015234,0.051061,0.057814,0.008318,-0.050746,0.033304,0.008866,-0.048426,0.081459,0.061199,-0.015189,0.019667,-0.003525,0.029766,-0.033976,0.069432,0.064143
8.44,0.022055,0.060152,-0.041882,0.07622,0.019471,0.072657,-0.006571,-0.037784,-0.053439,0.011473,0.027477,0.045495,-0.026873,-0.013845,0.048792,0.05601,0.005823,-0.050236,0.035653,0.010813,-0.048835,0.082448,0.063299,-0.016639,0.017708,-0.001945,0.031799,-0.035102,0.069102,0.061946
8.45,0.019883,0.062632,-0.042675,0.074564,0.021448,0.073388,-0.008368,-0.036775,-0.053201,0.013334,0.025118,0.047583,-0.028088,-0.012432,0.046512,0.054071,0.003424,-0.049639,0.03801,0.012773,-0.049192,0.083052,0.065281,-0.018043,0.01576,-0.000343,0.033825,-0.036175,0.068555,0.059683
8.46,0.017801,0.065014,-0.043418,0.072719,0.023446,0.073882,-0.010144,-0.035702,-0.052881,0.015218,0.022802,0.049658,-0.029253,-0.010993,0.044194,0.052015,0.001082,-0.048974,0.040377,0.014752,-0.04948,0.083306,0.067144,-0.019409,0.013822,0.00128,0.03585,-0.037206,0.067801,0.057376
8.46,0.015803,0.067302,-0.044139,0.070704,0.025461,0.074113,-0.011916,-0.034571,-0.052505,0.017141,0.020502,0.051706,-0.030396,-0.009518,0.041822,0.049823,-0.001232,-0.048245,0.042758,0.01675,-0.049739,0.083239,0.068872,-0.020769,0.011888,0.002932,0.037869,-0.038219,0.066816,0.05502
8.47,0.013918,0.06946,-0.044817,0.068558,0.027459,0.074063,-0.013676,-0.03339,-0.052083,0.019068,0.018241,0.053682,-0.03151,-0.008033,0.039447,0.047555,-0.00348,-0.047455,0.045113,0.018738,-0.049962,0.082869,0.070439,-0.022115,0.009997,0.004593,0.039847,-0.039197,0.065614,0.052652
8.48,0.012118,0.071523,-0.04545,0.066273,0.029463,0.073747,-0.015423,-0.032146,-0.05158,0.021023,0.016018,0.05562,-0.032589,-0.006517,0.037052,0.045225,-0.005674,-0.046584,0.047459,0.020733,-0.050126,0.082217,0.071851,-0.023431,0.008138,0.006277,0.041814,-0.040127,0.064206,0.050251
8.49,0.010401,0.073468,-0.046028,0.063885,0.031461,0.073186,-0.01712,-0.03084,-0.051027,0.022986,0.013876,0.057496,-0.033604,-0.004982,0.034698,0.042892,-0.007767,-0.045648,0.049763,0.022727,-0.050242,0.081285,0.073065,-0.024698,0.006337,0.00797,0.04376,-0.040985,0.062622,0.047835
8.5,0.008728,0.07531,-0.046572,0.061395,0.033476,0.072367,-0.018802,-0.029468,-0.05041,0.024992,0.011773,0.05933,-0.034599,-0.003403,0.032376,0.04053,-0.009808,-0.044638,0.052067,0.024748,-0.050322,0.080067,0.074057,-0.025962,0.004572,0.009705,0.045709,-0.041809,0.060844,0.045392
8.5,0.007114,0.076972,-0.047083,0.058834,0.035462,0.071302,-0.020478,-0.028052,-0.049744,0.026996,0.009717,0.06108,-0.03557,-0.001813,0.030108,0.03816,-0.011787,-0.04357,0.054326,0.026751,-0.050372,0.078596,0.074778,-0.027216,0.00286,0.011444,0.047616,-0.042592,0.058895,0.042934
8.51,0.005531,0.078422,-0.047551,0.056207,0.037422,0.069985,-0.02214,-0.026572,-0.049019,0.029019,0.007697,0.062756,-0.036515,-0.000198,0.027857,0.035764,-0.013705,-0.042433,0.056555,0.028743,-0.050392,0.076863,0.075233,-0.02845,0.001204,0.013204,0.049489,-0.043338,0.056774,0.040443
8.52,0.003989,0.079611,-0.04797,0.053562,0.039342,0.068465,-0.023742,-0.02505,-0.04824,0.031036,0.005754,0.064352,-0.037413,0.001437,0.025655,0.0334,-0.015524,-0.041237,0.058731,0.03071,-0.050365,0.074926,0.075432,-0.029646,-0.000409,0.014966,0.051313,-0.044024,0.054549,0.037949
8.53,0.002481,0.080529,-0.048341,0.050892,0.041257,0.066754,-0.02533,-0.023458,-0.047395,0.033078,0.003863,0.065881,-0.038282,0.003104,0.02346,0.031045,-0.017277,-0.039962,0.060874,0.032689,-0.050296,0.072787,0.075409,-0.030833,-0.001981,0.01676,0.05312,-0.044661,0.052239,0.035449
8.54,0.001005,0.081136,-0.048678,0.048238,0.043142,0.064871,-0.026886,-0.021812,-0.046504,0.035124,0.002032,0.067304,-0.039127,0.004797,0.021291,0.028708,-0.018948,-0.038622,0.062956,0.03465,-0.05019,0.070497,0.075152,-0.032006,-0.003495,0.018577,0.05488,-0.045273,0.049863,0.03296
8.54,-0.000445,0.081403,-0.048979,0.045574,0.044977,0.06282,-0.028415,-0.020125,-0.045566,0.037169,0.000243,0.068575,-0.039933,0.006512,0.019134,0.026384,-0.020551,-0.037225,0.064961,0.036571,-0.05004,0.068062,0.07465,-0.03316,-0.004973,0.020402,0.056579,-0.045831,0.047441,0.030483
8.55,-0.001882,0.081317,-0.049238,0.0429,0.046771,0.060617,-0.029909,-0.018376,-0.044576,0.039214,-0.001506,0.069665,-0.040706,0.00825,0.016987,0.024066,-0.022086,-0.035751,0.066873,0.03845,-0.049839,0.065499,0.073909,-0.034292,-0.006417,0.022242,0.058216,-0.046349,0.044977,0.028013
8.56,-0.003283,0.080917,-0.049457,0.040256,0.048517,0.058319,-0.031349,-0.016592,-0.043546,0.041234,-0.003183,0.070536,-0.041445,0.009992,0.014887,0.021807,-0.023516,-0.034232,0.068654,0.040272,-0.049599,0.062855,0.072956,-0.035397,-0.007807,0.024076,0.059771,-0.046818,0.042533,0.025599
8.57,-0.004662,0.080259,-0.04963,0.037579,0.050257,0.055892,-0.032757,-0.014743,-0.042452,0.043279,-0.004814,0.071186,-0.042163,0.011776,0.012803,0.019569,-0.024881,-0.032624,0.070322,0.042081,-0.049316,0.060104,0.071782,-0.036491,-0.009176,0.025946,0.061285,-0.047248,0.040063,0.023205
8.58,-0.006019,0.079352,-0.049758,0.034928,0.051949,0.053384,-0.03412,-0.012857,-0.041311,0.045302,-0.006393,0.071568,-0.042837,0.013576,0.010771,0.017373,-0.026162,-0.030966,0.071816,0.043839,-0.048983,0.057284,0.070401,-0.037554,-0.010491,0.027817,0.062697,-0.047623,0.037592,0.020867
8.58,-0.007356,0.078166,-0.049846,0.032309,0.053583,0.050799,-0.035424,-0.010933,-0.040117,0.047295,-0.007923,0.071692,-0.043495,0.015385,0.008778,0.015218,-0.027355,-0.029251,0.073129,0.045549,-0.048608,0.054397,0.068811,-0.038598,-0.011784,0.02969,0.063988,-0.04797,0.035122,0.018585
8.59,-0.008684,0.076669,-0.049882,0.029715,0.055162,0.048156,-0.036684,-0.008971,-0.038868,0.049248,-0.009413,0.071587,-0.044132,0.017207,0.006823,0.013097,-0.028475,-0.027482,0.07426,0.047225,-0.048199,0.051459,0.067021,-0.039621,-0.013059,0.031564,0.065146,-0.048273,0.032646,0.016343
8.6,-0.010014,0.074841,-0.049873,0.02716,0.056705,0.045457,-0.037893,-0.006962,-0.037561,0.051157,-0.010864,0.071288,-0.04473,0.019044,0.004914,0.011015,-0.02952,-0.02565,0.075212,0.048916,-0.04773,0.048477,0.065029,-0.040622,-0.014302,0.033447,0.066181,-0.048533,0.03017,0.014144
8.61,-0.01133,0.07271,-0.049807,0.024658,0.058194,0.042734,-0.039041,-0.004913,-0.036206,0.053013,-0.012261,0.07081,-0.045312,0.020901,0.003064,0.008996,-0.030476,-0.023769,0.075964,0.050623,-0.047223,0.045493,0.062864,-0.041597,-0.015505,0.035337,0.067077,-0.048751,0.027718,0.012008
8.62,-0.012635,0.070321,-0.049688,0.022206,0.0596,0.039997,-0.040117,-0.002829,-0.034797,0.054805,-0.013603,0.070149,-0.04586,0.02277,0.001267,0.007033,-0.031349,-0.021838,0.076485,0.052316,-0.046655,0.042517,0.060542,-0.042539,-0.016669,0.037226,0.067818,-0.04892,0.025291,0.009931
8.62,-0.013946,0.067725,-0.049514,0.019786,0.060913,0.037239,-0.041137,-0.000717,-0.033345,0.056545,-0.014917,0.069273,-0.046392,0.024643,-0.000494,0.005111,-0.032159,-0.019861,0.076743,0.053982,-0.046038,0.039553,0.058069,-0.043459,-0.017805,0.039106,0.068402,-0.049046,0.022871,0.00791
8.63,-0.015239,0.064985,-0.049291,0.017409,0.062136,0.034478,-0.042094,0.001413,-0.031858,0.058241,-0.016195,0.068182,-0.046909,0.026512,-0.002214,0.003239,-0.032893,-0.017852,0.076716,0.055607,-0.045373,0.036607,0.05548,-0.044355,-0.018905,0.040973,0.068821,-0.049142,0.020484,0.005941
8.64,-0.016499,0.062131,-0.049017,0.015052,0.063268,0.031719,-0.042983,0.003574,-0.030329,0.059906,-0.017413,0.066868,-0.047404,0.028397,-0.003886,0.001426,-0.033555,-0.015796,0.076385,0.057189,-0.044651,0.033675,0.052787,-0.045223,-0.019979,0.042847,0.069077,-0.049198,0.018129,0.004017
8.65,-0.017712,0.059224,-0.048672,0.012753,0.064289,0.028993,-0.043793,0.005747,-0.02875,0.061515,-0.018578,0.065364,-0.047853,0.030278,-0.0055,-0.00032,-0.034147,-0.013704,0.075746,0.058675,-0.043866,0.030797,0.050035,-0.046035,-0.021023,0.044711,0.069145,-0.049207,0.015822,0.002155
8.66,-0.018891,0.056234,-0.048266,0.010486,0.065205,0.026258,-0.044549,0.007959,-0.027117,0.063034,-0.019718,0.06366,-0.04828,0.032178,-0.007078,-0.002031,-0.034677,-0.011559,0.074802,0.060071,-0.043016,0.027936,0.047198,-0.046805,-0.022059,0.046574,0.069016,-0.049175,0.013534,0.00032
8.66,-0.020016,0.05321,-0.047818,0.008274,0.065986,0.023561,-0.045248,0.010161,-0.025451,0.06439,-0.020809,0.0618,-0.048682,0.034059,-0.008579,-0.003674,-0.035166,-0.009406,0.073585,0.061333,-0.042129,0.025133,0.044327,-0.047533,-0.023067,0.048394,0.06868,-0.049118,0.011298,-0.001464
8.67,-0.021106,0.050119,-0.047318,0.006091,0.066641,0.020877,-0.045873,0.012367,-0.023743,0.065559,-0.021857,0.059781,-0.04906,0.035935,-0.010042,-0.005276,-0.035594,-0.007223,0.072093,0.062485,-0.041182,0.022346,0.041403,-0.048214,-0.024064,0.050164,0.068139,-0.04902,0.00909,-0.003225
8.68,-0.022168,0.046997,-0.046744,0.003949,0.067163,0.018233,-0.046419,0.014577,-0.021982,0.066541,-0.022858,0.05763,-0.04939,0.037805,-0.011453,-0.006821,-0.035978,-0.005003,0.070353,0.063533,-0.040168,0.019596,0.038455,-0.048815,-0.025053,0.051869,0.067394,-0.048866,0.006924,-0.004945
8.69,-0.023219,0.043849,-0.046124,0.001843,0.067527,0.015618,-0.046893,0.016804,-0.02016,0.067357,-0.023815,0.055348,-0.049683,0.039681,-0.012832,-0.008321,-0.036323,-0.00274,0.068371,0.064475,-0.039089,0.016883,0.035484,-0.049361,-0.02604,0.053512,0.06644,-0.048673,0.004799,-0.00664
8.7,-0.024265,0.040701,-0.045446,-0.000215,0.067709,0.013043,-0.047297,0.019033,-0.018287,0.068026,-0.02473,0.052949,-0.049944,0.041542,-0.01418,-0.009777,-0.03663,-0.000459,0.06616,0.065298,-0.037955,0.014232,0.032505,-0.049843,-0.027017,0.05507,0.065281,-0.04845,0.002711,-0.008302
8.7,-0.025298,0.037558,-0.044723,-0.002233,0.067691,0.010506,-0.047613,0.021241,-0.016377,0.06855,-0.025606,0.050451,-0.050162,0.043361,-0.015485,-0.011205,-0.036915,0.00183,0.063727,0.065997,-0.036769,0.011631,0.029526,-0.050261,-0.02797,0.056526,0.063925,-0.048187,0.000658,-0.009921
8.71,-0.026311,0.034428,-0.043958,-0.004215,0.067466,0.008032,-0.047855,0.023434,-0.014425,0.068913,-0.026433,0.047878,-0.050322,0.045132,-0.016772,-0.012578,-0.037176,0.004138,0.061096,0.066568,-0.035529,0.009086,0.026584,-0.050604,-0.028907,0.057871,0.062395,-0.047879,-0.00134,-0.011511
8.72,-0.027297,0.031309,-0.043142,-0.006168,0.067029,0.005605,-0.048022,0.025631,-0.012414,0.069104,-0.027214,0.045231,-0.050432,0.04687,-0.01805,-0.013919,-0.037402,0.006475,0.058292,0.067013,-0.034226,0.006588,0.023663,-0.050881,-0.029847,0.059122,0.060683,-0.04753,-0.003298,-0.013079
8.73,-0.028226,0.028238,-0.042268,-0.008058,0.066397,0.003235,-0.048113,0.027811,-0.010363,0.069085,-0.027948,0.042532,-0.050481,0.04856,-0.019289,-0.01523,-0.037611,0.008814,0.055372,0.067326,-0.032856,0.004171,0.020786,-0.051088,-0.030772,0.060246,0.058815,-0.047132,-0.005212,-0.01458
8.74,-0.029095,0.025197,-0.041352,-0.009899,0.065572,0.000908,-0.048137,0.029982,-0.008266,0.068825,-0.028644,0.039778,-0.050481,0.050202,-0.020496,-0.016506,-0.03781,0.011176,0.052351,0.067492,-0.031427,0.001808,0.017949,-0.051232,-0.031648,0.06124,0.056793,-0.046683,-0.007086,-0.016036
8.74,-0.029911,0.022195,-0.040398,-0.011696,0.064577,-0.001355,-0.048089,0.032128,-0.006135,0.068303,-0.029299,0.037001,-0.050434,0.05178,-0.021682,-0.017753,-0.038,0.013536,0.049256,0.067504,-0.029947,-0.000486,0.015171,-0.051309,-0.032443,0.062092,0.05465,-0.046202,-0.008909,-0.017442
8.75,-0.030691,0.019249,-0.039392,-0.013443,0.063423,-0.003555,-0.047967,0.034242,-0.003963,0.067511,-0.029907,0.034219,-0.050322,0.0533,-0.022843,-0.018966,-0.038175,0.01589,0.046118,0.067354,-0.028401,-0.00271,0.012458,-0.051311,-0.033154,0.062809,0.052414,-0.045652,-0.010684,-0.018811
8.76,-0.031449,0.016362,-0.038338,-0.015129,0.062108,-0.005699,-0.047776,0.036328,-0.00175,0.066458,-0.030475,0.031432,-0.050143,0.054753,-0.023968,-0.020148,-0.03833,0.018253,0.042944,0.067022,-0.026788,-0.004855,0.009807,-0.051242,-0.033785,0.063402,0.050092,-0.045061,-0.012416,-0.020145
8.77,-0.032217,0.013529,-0.037233,-0.01674,0.060631,-0.007792,-0.047519,0.03839,0.000503,0.065155,-0.03101,0.028642,-0.049891,0.056149,-0.025061,-0.021304,-0.038474,0.020612,0.039742,0.066497,-0.025115,-0.006919,0.007218,-0.051103,-0.034383,0.063855,0.047689,-0.044414,-0.014115,-0.021434
8.78,-0.033008,0.010777,-0.036078,-0.018283,0.059013,-0.009819,-0.047202,0.040397,0.002773,0.06362,-0.031509,0.025884,-0.049574,0.057447,-0.026128,-0.022434,-0.038612,0.022943,0.036556,0.065778,-0.023382,-0.008887,0.004705,-0.05088,-0.034966,0.06416,0.045243,-0.04372,-0.015764,-0.022692
8.78,-0.033824,0.00808,-0.034861,-0.019764,0.057246,-0.011792,-0.046815,0.042358,0.00508,0.061848,-0.031977,0.023146,-0.049184,0.058635,-0.027176,-0.023541,-0.038738,0.025256,0.033356,0.064865,-0.021585,-0.01079,0.002259,-0.050572,-0.035563,0.064302,0.042732,-0.042973,-0.017384,-0.023941
8.79,-0.034627,0.005457,-0.033597,-0.021188,0.055358,-0.013688,-0.046381,0.044258,0.007398,0.059877,-0.032406,0.020454,-0.048706,0.059701,-0.028191,-0.024615,-0.03885,0.027521,0.030185,0.063776,-0.019738,-0.012615,-0.000106,-0.050181,-0.036188,0.064286,0.040194,-0.042174,-0.018955,-0.025168
8.8,-0.035396,0.002901,-0.032273,-0.022537,0.053352,-0.015522,-0.045905,0.046107,0.009739,0.057713,-0.032812,0.017796,-0.048162,0.060638,-0.029169,-0.025665,-0.038964,0.029751,0.027039,0.062515,-0.017825,-0.014364,-0.002391,-0.049691,-0.036811,0.064088,0.037612,-0.041303,-0.020488,-0.026357
8.81,-0.036092,0.000417,-0.030872,-0.023848,0.051224,-0.017308,-0.045391,0.047912,0.01212,0.055375,-0.0332,0.015161,-0.047522,0.061448,-0.030124,-0.026694,-0.039069,0.031954,0.023919,0.061077,-0.015839,-0.016056,-0.004624,-0.049115,-0.037432,0.063674,0.034976,-0.040363,-0.021996,-0.027524
8.82,-0.036675,-0.002,-0.029416,-0.025125,0.049007,-0.019016,-0.044841,0.049646,0.014499,0.052892,-0.033556,0.012578,-0.046795,0.062105,-0.031057,-0.027686,-0.039161,0.034094,0.020854,0.059481,-0.013801,-0.01769,-0.006774,-0.048444,-0.038035,0.063006,0.032323,-0.039355,-0.023447,-0.028655
8.82,-0.037185,-0.004352,-0.027893,-0.026355,0.046707,-0.020653,-0.044264,0.051305,0.01688,0.05027,-0.033899,0.010038,-0.045984,0.062598,-0.031959,-0.028648,-0.039241,0.036174,0.017825,0.057732,-0.011704,-0.01929,-0.008854,-0.047696,-0.038593,0.062063,0.029643,-0.038275,-0.02485,-0.029734
8.83,-0.037655,-0.006618,-0.026318,-0.027538,0.044348,-0.02223,-0.043654,0.052884,0.019256,0.047531,-0.034231,0.007548,-0.045088,0.062918,-0.032831,-0.029581,-0.039303,0.038186,0.014853,0.055852,-0.009566,-0.020831,-0.010862,-0.046875,-0.039113,0.060874,0.026957,-0.037123,-0.026202,-0.030745
8.84,-0.038148,-0.008811,-0.024669,-0.028683,0.041931,-0.02373,-0.04302,0.054406,0.021627,0.044687,-0.034543,0.005108,-0.044095,0.063059,-0.033696,-0.030486,-0.039346,0.040144,0.011938,0.053854,-0.007369,-0.022341,-0.012796,-0.045983,-0.039598,0.059475,0.024276,-0.035882,-0.027489,-0.031694
8.85,-0.038638,-0.010911,-0.022963,-0.02977,0.039496,-0.025155,-0.042357,0.055856,0.023978,0.04178,-0.03484,0.002739,-0.043009,0.063002,-0.034542,-0.031355,-0.03936,0.042037,0.009103,0.051769,-0.00513,-0.023798,-0.014639,-0.045024,-0.040106,0.057895,0.021627,-0.034568,-0.028703,-0.032574
8.86,-0.039175,-0.012955,-0.02117,-0.030815,0.037,-0.026519,-0.041656,0.057252,0.026328,0.038774,-0.03513,0.000408,-0.04181,0.062734,-0.035372,-0.032207,-0.039337,0.043873,0.006297,0.049573,-0.002814,-0.025241,-0.016428,-0.04398,-0.040639,0.056123,0.01898,-0.03316,-0.029867,-0.033417
8.86,-0.039708,-0.014909,-0.019319,-0.03181,0.034484,-0.027812,-0.040945,0.058566,0.028622,0.035731,-0.035404,-0.001864,-0.040531,0.062265,-0.036169,-0.033022,-0.039287,0.045627,0.003566,0.047301,-0.000479,-0.026628,-0.018135,-0.042885,-0.041178,0.054188,0.016373,-0.031668,-0.03096,-0.034236
8.87,-0.040227,-0.016793,-0.017405,-0.032765,0.03193,-0.02905,-0.040233,0.059811,0.030875,0.032652,-0.035683,-0.004093,-0.039173,0.061603,-0.036913,-0.033813,-0.039213,0.047312,0.000896,0.044948,0.001891,-0.027982,-0.01977,-0.041739,-0.041649,0.052092,0.013786,-0.030108,-0.032,-0.035038
8.88,-0.040706,-0.018613,-0.015401,-0.033693,0.029361,-0.030225,-0.039501,0.060979,0.033098,0.029555,-0.035967,-0.006268,-0.037691,0.060764,-0.037617,-0.034581,-0.039108,0.048929,-0.001701,0.042537,0.004325,-0.029293,-0.021342,-0.040522,-0.04205,0.049841,0.011245,-0.028431,-0.032985,-0.03584
8.89,-0.041164,-0.020357,-0.013332,-0.034582,0.026802,-0.031313,-0.038762,0.062031,0.035241,0.026488,-0.036232,-0.008357,-0.036126,0.059768,-0.038277,-0.0353,-0.038956,0.050459,-0.004211,0.040102,0.00677,-0.030535,-0.022818,-0.039254,-0.042344,0.047484,0.008772,-0.026669,-0.033893,-0.036641
8.9,-0.041558,-2.20E-02,-0.011199,-0.035447,0.024244,-0.032331,-0.038023,0.062949,0.037309,0.023431,-0.036482,-0.010387,-0.034467,0.058606,-0.038897,-0.035979,-0.038771,0.051894,-0.006642,0.037623,0.009242,-0.031718,-0.024226,-0.037931,-0.042541,0.045007,0.006353,-0.024826,-0.034745,-0.037443
8.9,-0.041916,-0.023687,-0.008988,-0.036297,0.021672,-0.033293,-0.03728,0.063721,0.039302,0.020386,-0.036745,-0.012362,-0.032725,0.057269,-0.039493,-0.036637,-0.03857,0.053241,-0.009012,0.035099,0.011731,-0.032838,-0.025569,-0.036561,-0.042681,0.042423,0.003971,-0.022891,-0.035558,-0.038228
8.91,-0.042252,-0.025276,-0.006711,-0.037125,0.019109,-0.034197,-0.036525,0.064346,0.041211,0.01738,-0.037003,-0.014277,-0.030897,0.055758,-0.040048,-0.037267,-0.038333,0.054487,-0.011297,0.032545,0.014235,-0.033891,-0.026859,-0.035154,-0.042773,0.039754,0.001642,-0.020866,-0.036326,-0.038959
8.92,-0.042559,-0.026794,-0.004379,-0.037908,0.01658,-0.035021,-0.035754,0.064832,0.043041,0.01444,-0.03724,-0.016105,-0.028985,0.0541,-0.040548,-0.037838,-0.038048,0.055638,-0.013484,0.029989,0.016733,-0.034881,-0.028074,-0.033693,-0.042848,0.037041,-0.000611,-0.018755,-0.037027,-0.039632
8.93,-0.042831,-0.028269,-0.001955,-0.038664,0.01407,-0.035773,-0.034962,0.065195,0.044818,0.011526,-0.037458,-0.017852,-0.026965,0.052265,-0.041033,-0.038368,-0.03772,0.056707,-0.015606,0.027416,0.01927,-0.035826,-0.029221,-0.032186,-0.042953,0.034251,-0.002806,-0.01653,-0.037665,-0.040268
8.94,-0.043049,-0.029682,0.000529,-0.03939,0.011586,-0.036471,-0.034156,0.065425,0.046529,0.008662,-0.037667,-0.019529,-0.024862,0.050275,-0.04149,-0.038853,-0.037362,0.057682,-0.017653,0.02483,0.021801,-0.036729,-0.030312,-0.030631,-0.043083,0.031421,-0.004943,-0.01422,-0.038254,-0.040839
8.94,-0.043211,-0.031036,0.00304,-0.040073,0.009142,-0.037115,-0.033328,0.065523,0.048145,0.005876,-0.037864,-0.021135,-0.022696,0.048163,-0.041929,-0.039298,-0.036979,0.058554,-0.019609,0.022257,0.024311,-0.037589,-0.03135,-0.029064,-0.043181,0.028592,-0.007014,-0.011837,-0.038783,-0.041344
8.95,-0.043298,-0.032341,0.005635,-0.04071,0.006707,-0.0377,-0.032467,0.065483,0.049698,0.003128,-0.038046,-0.022672,-0.020424,0.045898,-0.042366,-0.039696,-0.036559,0.059341,-0.021507,0.019656,0.02684,-0.038423,-0.032343,-0.027431,-0.043223,0.025722,-0.00904,-0.009338,-0.039264,-0.041791
8.96,-0.043286,-0.033569,0.008261,-0.041304,0.004345,-0.038221,-0.031581,0.065299,0.051153,0.000482,-0.038194,-0.024122,-0.018086,0.04356,-0.042786,-0.040037,-0.036115,0.060024,-0.023305,0.017099,0.029344,-0.039211,-0.03326,-0.025771,-0.04322,0.022896,-0.010973,-0.00676,-0.039669,-0.042206
8.97,-0.043198,-0.034745,0.010943,-0.041858,0.002011,-0.038678,-0.03065,0.064941,0.052513,-0.002111,-0.038312,-0.025497,-0.015639,0.041108,-0.043183,-0.040329,-0.035632,0.060604,-0.025031,0.014545,0.031837,-0.039947,-0.034119,-0.024064,-0.04317,0.020067,-0.012851,-0.004077,-0.040021,-0.04259
8.98,-0.043073,-0.035859,0.013649,-0.042372,-0.000273,-0.03909,-0.029691,0.064404,0.053746,-0.004611,-0.03841,-0.026806,-0.013139,0.038584,-0.043514,-0.040575,-0.035141,0.061067,-0.026674,0.012017,0.034286,-0.040624,-0.034913,-0.022329,-0.043062,0.017266,-0.01466,-0.001316,-0.040322,-0.042949
8.98,-0.042925,-0.036917,0.016364,-0.042846,-0.002513,-0.039447,-0.028698,0.063673,0.054843,-0.007027,-0.038481,-0.028062,-0.010572,0.036003,-0.043801,-0.040781,-0.034622,0.061411,-0.028244,0.00951,0.036658,-0.041258,-0.035653,-0.020575,-0.042908,0.014502,-0.016414,0.001508,-0.040573,-0.043283
8.99,-0.042766,-0.037923,0.019116,-0.043284,-0.004716,-0.039755,-0.027652,0.062757,0.055822,-0.009367,-0.038519,-0.029257,-0.007925,0.033361,-0.044045,-0.040939,-0.034082,0.061645,-0.02974,0.007017,0.038983,-0.041834,-0.036338,-0.018789,-0.042717,0.011758,-0.018112,0.004428,-0.040776,-0.043598
9,-0.042608,-0.038863,0.021893,-0.043659,-0.006862,-0.040009,-0.026554,0.061674,0.056685,-0.011619,-0.03852,-0.030383,-0.005208,0.030684,-0.044213,-0.041041,-0.033505,0.061773,-0.031166,0.004562,0.04124,-0.042347,-0.03695,-0.016976,-0.042462,0.009062,-0.019732,0.007425,-0.040922,-0.043888
9.01,-0.042453,-0.039737,0.024685,-0.043995,-0.008959,-0.040219,-0.025402,0.060437,0.057431,-0.013775,-0.038479,-0.031452,-0.002428,0.027999,-0.044317,-0.041088,-0.032904,0.061786,-0.032498,0.002139,0.043411,-0.042804,-0.037513,-0.015142,-0.04214,0.006427,-0.0213,0.010478,-0.041021,-0.044158
9.02,-0.042276,-0.040563,0.027481,-0.044288,-0.01101,-0.040393,-0.024198,0.059047,0.05806,-0.015847,-0.038407,-0.032471,0.000402,0.025311,-0.044393,-0.041089,-0.032282,0.06168,-0.03377,-0.000261,0.045488,-0.043241,-0.038038,-0.01328,-0.041746,0.003843,-0.022812,0.013579,-0.041081,-0.044402
9.02,-0.042042,-0.041341,0.030281,-0.044534,-0.013013,-0.040532,-0.022935,0.057503,0.058581,-0.017848,-0.0383,-0.033429,0.003278,0.02261,-0.044445,-0.041038,-0.031635,0.061453,-0.034988,-0.002631,0.047463,-0.043643,-0.038517,-0.011394,-0.041308,0.001315,-0.024277,0.01672,-0.041099,-0.044616
9.03,-0.041739,-0.042063,0.033089,-0.044738,-0.014967,-0.040629,-0.0216,0.055806,0.058998,-0.019772,-0.038143,-0.034323,0.006216,0.019914,-0.044463,-0.040927,-0.03096,0.061104,-0.036143,-0.004982,0.049327,-0.044023,-0.038952,-0.009462,-0.040793,-0.001162,-0.025685,0.019908,-0.041065,-0.044773
9.04,-0.041382,-0.042722,0.035871,-0.044904,-0.016853,-0.040691,-0.020204,0.053983,0.059314,-0.0216,-0.037929,-0.035153,0.009183,0.017264,-0.044458,-0.040764,-0.030253,0.06064,-0.037218,-0.007288,0.051047,-0.044372,-0.039345,-0.007496,-0.040224,-0.003536,-0.027039,0.023108,-0.040986,-0.044867
9.05,-0.040947,-0.043343,0.038628,-0.045039,-0.018686,-0.040723,-0.018743,0.052034,0.05953,-0.023354,-0.037673,-0.035916,1.22E-02,0.014644,-0.044432,-0.040557,-0.029522,0.060065,-0.038237,-0.009562,0.052631,-0.044699,-0.039693,-0.005494,-0.0396,-0.005837,-0.028337,0.026315,-0.040866,-0.044915
9.06,-0.040441,-0.043916,0.041334,-0.045154,-0.020468,-0.040723,-0.017229,0.049946,0.059632,-0.025042,-0.037372,-0.036625,0.015212,0.012046,-0.044369,-0.040309,-0.028765,0.05936,-0.03921,-0.011812,0.054079,-0.045007,-0.040005,-0.003448,-0.03896,-0.008074,-0.029579,0.029526,-0.040708,-0.044928
9.06,-0.03988,-0.044442,0.043959,-0.045248,-0.022201,-0.040691,-0.015641,0.047731,0.059621,-0.026656,-0.037018,-0.03728,0.018268,0.009475,-0.044245,-0.040015,-0.027973,0.058519,-0.040126,-0.014035,0.055394,-0.045286,-0.040273,-0.001353,-0.038286,-0.010238,-0.030769,0.032733,-0.040511,-0.044904
9.07,-0.039266,-0.044925,0.046502,-0.045312,-0.023877,-0.04062,-0.013991,0.04541,0.059515,-0.028211,-0.036607,-0.037873,0.021352,0.006936,-0.044042,-0.039674,-0.027143,0.057557,-0.040988,-0.016225,0.056594,-0.045528,-0.040496,0.000796,-0.037552,-0.012329,-0.031904,0.035941,-0.040277,-0.044831
9.08,-0.038594,-0.045353,0.048925,-0.045353,-0.025494,-0.040517,-0.012284,0.043012,0.05932,-0.029671,-0.036151,-0.038416,0.024438,0.004464,-0.043788,-0.039303,-0.026269,0.056487,-0.041784,-0.018358,0.057672,-0.045736,-0.040684,0.002995,-0.03678,-0.014331,-0.032981,0.039122,-0.04001,-0.044732
9.09,-0.037873,-0.045726,0.05123,-0.045381,-0.027075,-0.040379,-0.010507,0.040537,0.059026,-0.031058,-0.035629,-0.038918,0.027534,0.002042,-0.043504,-0.038888,-0.025351,0.055297,-0.042524,-0.020454,0.058621,-0.045913,-0.040837,0.005251,-0.035971,-0.016255,-0.034019,0.042271,-0.03971,-0.044624
9.1,-0.037091,-0.046056,0.05339,-0.045377,-0.028607,-0.040204,-0.008673,0.037985,0.058628,-0.032375,-0.035056,-0.039379,0.030622,-0.000341,-0.043172,-0.038434,-0.024388,0.05398,-0.043213,-0.022504,0.059423,-0.046053,-0.040949,0.007554,-0.0351,-0.018121,-0.035016,0.04536,-0.03938,-0.044485
9.1,-0.03624,-0.046339,0.05542,-0.045337,-0.03011,-0.039989,-0.006773,0.035363,0.058124,-0.033626,-0.034418,-0.039799,0.033714,-0.002687,-0.042782,-0.037938,-0.023374,0.052538,-0.043836,-0.024512,0.06008,-0.046163,-0.041014,0.009918,-0.034149,-0.019928,-0.035974,0.048393,-0.039015,-0.044313
9.11,-0.035343,-0.046574,0.057294,-0.045264,-0.031563,-0.039746,-0.004828,0.032722,0.057521,-0.034781,-0.033726,-0.040191,0.036759,-0.004951,-0.042378,-0.037409,-0.022314,0.050995,-0.044397,-0.026461,0.060592,-0.046238,-0.041034,0.012321,-0.033139,-0.02164,-0.03689,0.05131,-0.038627,-0.044114
9.12,-0.034379,-0.046767,0.059041,-0.045152,-0.033007,-0.039474,-0.002807,0.030046,0.056815,-0.035861,-0.032966,-0.040549,0.039799,-0.007167,-0.041934,-0.036832,-0.021189,0.049342,-0.044893,-0.028383,0.06098,-0.046265,-0.041009,0.014789,-0.032057,-0.023295,-0.037783,0.054144,-0.038214,-0.043862
9.13,-0.033347,-0.046924,0.060631,-0.044991,-0.034402,-0.039172,-0.000738,0.027361,0.056012,-0.036863,-0.032151,-0.040866,0.042788,-0.00931,-0.041446,-0.036224,-0.020005,0.04759,-0.045326,-0.030245,0.061246,-0.046247,-0.040933,0.017304,-0.030919,-0.024869,-0.038626,0.056841,-0.037774,-0.043562
9.14,-0.032243,-0.047053,0.062061,-0.044783,-0.035766,-0.038832,0.001386,0.024644,0.055095,-0.037802,-0.031267,-0.041154,0.045733,-0.011404,-0.040909,-0.035569,-0.018758,0.045728,-0.045705,-0.032065,0.061387,-0.046194,-0.040815,0.019856,-0.029713,-0.026387,-0.039435,0.059409,-0.037314,-0.043213
9.14,-0.031075,-0.047147,0.063328,-0.044532,-0.037118,-0.038464,0.003565,0.021904,0.05407,-0.03868,-0.03032,-0.041402,0.048632,-0.013449,-0.040324,-0.034879,-0.017448,0.043764,-0.04604,-0.033856,0.061414,-0.046099,-0.040659,0.022466,-0.028438,-0.027843,-0.040217,0.06183,-0.036823,-0.042802
9.15,-0.029857,-0.047199,0.064422,-0.044244,-0.038423,-0.038075,0.00579,0.019178,0.052955,-0.039489,-0.029319,-0.041622,0.051459,-0.015421,-0.039691,-0.034164,-0.016075,0.041729,-0.046308,-0.035595,0.061335,-0.045955,-0.040475,0.025104,-0.027096,-0.029225,-0.040957,0.064086,-0.036321,-0.042348
9.16,-0.028593,-0.047217,0.065357,-0.043905,-0.039695,-0.037646,0.008075,0.01646,0.051755,-0.040242,-0.028253,-0.04181,0.054217,-0.01733,-0.039009,-0.033404,-0.014621,0.039627,-0.046522,-0.037288,0.061157,-0.045771,-0.04026,0.027781,-0.025662,-0.030533,-0.041662,0.066172,-0.035784,-0.041825
9.17,-0.027271,-0.047193,0.066132,-0.043517,-0.040937,-0.037185,0.010418,0.01373,0.050454,-0.040938,-0.027116,-0.041964,0.056897,-0.019194,-0.038258,-0.0326,-0.013094,0.037439,-0.04669,-0.038925,0.060865,-0.045555,-0.040005,0.030511,-0.024149,-0.031789,-0.042335,0.06808,-0.035215,-0.041242
9.18,-0.025895,-0.04713,0.066734,-0.043089,-0.04213,-0.036694,0.01279,0.011028,0.049062,-0.041573,-0.025922,-0.04209,0.059459,-0.02099,-0.037454,-0.031773,-0.011496,0.035188,-0.046813,-0.040482,0.060474,-0.045306,-0.039733,0.033252,-0.022555,-0.032979,-0.042967,0.069779,-0.034618,-0.040601
9.18,-0.024453,-0.04703,0.067178,-0.042606,-0.043282,-0.036191,0.015217,0.008339,0.047582,-0.042167,-0.024669,-0.042199,0.061895,-0.022739,-0.036598,-0.030919,-0.009826,0.032866,-0.046892,-0.041971,0.059979,-0.045019,-0.03945,0.03602,-0.02089,-0.034116,-0.043574,0.071286,-0.034001,-0.039918
9.19,-0.022938,-0.046888,0.067464,-0.042087,-0.044386,-0.035656,0.017683,0.005686,0.046028,-0.042689,-0.023357,-0.042282,0.064189,-0.024427,-0.035688,-0.030033,-0.008083,0.030511,-0.046929,-0.043363,0.059399,-0.044691,-0.03915,0.038804,-0.019155,-0.035185,-0.044155,0.072595,-0.033351,-0.039188
9.2,-0.021347,-0.0467,0.067596,-0.041507,-0.045423,-0.035102,0.020195,0.003086,0.04441,-0.043156,-0.02198,-0.042342,0.066318,-0.026048,-0.03472,-0.029115,-0.006258,0.028126,-0.046916,-0.04463,0.05873,-0.044336,-0.038818,0.041595,-0.01734,-0.036188,-0.044686,0.07371,-0.032664,-0.038397
9.21,-0.01966,-0.046476,0.067574,-0.040878,-0.046399,-0.034516,0.022749,0.000515,0.04271,-0.043557,-0.020534,-0.042378,0.068281,-0.027618,-0.033678,-0.02816,-0.004351,0.025702,-0.046856,-4.58E-02,0.057969,-0.04394,-0.038468,0.044376,-0.01544,-0.037141,-0.04519,0.074627,-0.031946,-0.037549
9.22,-0.017883,-0.046219,0.067403,-0.040208,-0.047319,-0.033909,0.02535,-0.00202,0.040937,-0.043907,-0.019034,-0.042397,0.070069,-0.029147,-0.032567,-0.027176,-0.002368,0.023256,-0.046757,-0.046813,0.057113,-0.043503,-0.038098,0.047118,-0.013451,-0.038045,-0.045657,0.075339,-0.0312,-0.03665
9.22,-0.016031,-0.045916,0.067097,-0.039495,-0.048178,-0.033287,0.027962,-0.004486,0.039109,-0.044199,-0.017481,-0.042396,0.071664,-0.030598,-0.031402,-0.026168,-0.000326,0.020808,-0.046617,-0.047737,0.056172,-0.04304,-0.037706,0.049763,-0.01139,-0.038892,-0.046102,0.075834,-0.030426,-0.035707
9.23,-0.014091,-0.045568,0.066682,-0.038744,-0.04897,-0.03263,0.030608,-0.006888,0.03723,-0.044439,-0.015871,-0.042372,0.073078,-0.031995,-0.030178,-0.025128,0.001791,0.018378,-0.046433,-0.048565,0.055159,-0.04253,-0.037295,0.052309,-0.009243,-0.039691,-0.046506,0.07614,-0.029622,-0.03471
9.24,-0.012041,-0.045184,0.066168,-0.037941,-0.049698,-0.031942,0.033299,-0.009242,0.035292,-0.044634,-0.014193,-0.042316,0.074309,-0.033338,-0.028863,-0.024046,0.003999,0.01594,-0.046211,-0.049303,0.054068,-0.041977,-0.036851,0.054737,-0.006973,-0.040448,-0.046874,0.076253,-0.028782,-0.033645
9.25,-0.009922,-0.044742,0.065553,-3.71E-02,-0.050361,-0.031228,0.036002,-0.011521,0.033306,-0.044797,-0.012456,-0.04223,0.075336,-0.034616,-0.027493,-0.022933,0.006275,0.013525,-0.045941,-0.049958,0.052899,-0.041374,-0.036387,0.05703,-0.004621,-0.041162,-0.047202,0.07618,-0.027914,-0.032533
9.26,-0.007719,-0.044268,0.064837,-0.036201,-0.050966,-0.030485,0.03871,-0.013744,0.031273,-0.044926,-0.01067,-0.042124,0.076158,-0.035843,-0.026055,-0.021791,0.00861,0.01112,-0.045634,-0.050562,0.051658,-0.040733,-0.035908,0.05919,-0.002173,-0.041825,-0.047493,0.075931,-0.02702,-0.031376
9.26,-0.005431,-0.043743,0.064025,-0.035242,-0.051511,-0.029719,0.041427,-0.015909,0.029191,-0.045032,-0.008827,-0.041996,0.076778,-0.037026,-0.024525,-0.020616,0.011021,0.008726,-0.045301,-0.051125,0.050341,-0.040043,-0.035418,0.061238,0.000389,-0.042454,-0.047753,0.075521,-0.026097,-0.030159
9.27,-0.003082,-0.04318,0.063125,-0.034235,-0.05197,-0.028927,0.044118,-0.018001,0.02709,-0.045099,-0.006933,-0.041841,0.077198,-0.038153,-0.022941,-0.019408,0.013497,0.006378,-0.044921,-0.05161,0.048967,-0.039301,-0.03491,0.063164,0.003016,-0.04303,-0.047968,0.074961,-0.025145,-0.028893
9.28,-0.000648,-0.042573,0.062141,-0.033177,-0.052333,-0.028102,0.046757,-0.020013,0.024971,-0.045129,-0.004989,-0.041656,0.077408,-0.039214,-0.021291,-0.018161,0.016028,0.004066,-0.044513,-0.052033,0.047542,-0.038516,-0.034384,0.06495,0.005723,-0.043547,-0.048133,0.074263,-0.024155,-0.027583
9.29,0.001884,-0.041923,0.061066,-0.032043,-0.052603,-0.027241,0.049353,-0.021974,0.02282,-0.045133,-0.002976,-0.041447,0.077399,-0.040241,-0.019544,-0.016861,0.018643,0.001777,-0.044079,-0.05239,0.046049,-0.037675,-0.033838,0.066591,0.008531,-0.044035,-0.048252,0.073413,-0.023129,-0.026204
9.3,0.004502,-0.041233,0.059915,-0.030856,-0.052785,-0.026363,0.051841,-0.023866,0.020662,-0.045095,-0.00093,-0.041222,0.077164,-0.04121,-0.017735,-0.015537,0.021298,-0.000466,-0.043604,-0.052692,0.044506,-0.036786,-0.033293,0.068035,0.011382,-0.044468,-0.048333,0.072425,-0.022082,-0.024759
9.3,0.007204,-0.040506,0.058681,-0.029618,-0.052865,-0.025462,0.054249,-0.02569,0.01849,-0.045018,0.001174,-0.040964,0.076698,-0.042118,-0.015859,-0.014176,0.024012,-0.00267,-0.043107,-0.052925,0.042899,-0.035854,-0.032729,0.069279,0.014277,-0.044857,-0.04836,0.071295,-0.021005,-0.023265
9.31,0.009993,-0.039751,0.057384,-0.028329,-0.052838,-0.024523,0.056561,-0.027444,0.016324,-0.044915,0.003329,-0.040662,0.076022,-0.042962,-0.013908,-0.012755,0.026771,-0.004822,-0.042574,-0.053077,0.04126,-0.034874,-0.032142,0.070301,0.017205,-0.045209,-0.048324,0.070041,-0.019884,-0.021698
9.32,0.012873,-0.038953,0.056017,-0.026959,-0.052707,-0.023554,0.058807,-0.029134,0.014157,-0.044781,0.005541,-0.040323,0.075156,-0.043749,-0.011865,-0.011295,0.029589,-0.00693,-0.042014,-0.053151,0.039571,-0.033829,-0.031526,0.071102,0.020163,-0.045514,-0.048219,0.068673,-0.018729,-0.020054
9.33,0.015807,-0.038123,0.054588,-0.025531,-0.052497,-0.022569,0.060966,-0.030731,0.012002,-0.044616,0.007798,-0.039957,0.074109,-0.044475,-0.009755,-0.009786,0.032431,-0.008978,-0.041412,-0.053165,0.037844,-0.032735,-0.030904,0.071659,0.02312,-0.045775,-0.04806,0.067201,-0.017545,-0.01834
9.34,0.018787,-0.03726,0.053091,-0.024047,-0.052201,-0.021558,0.063012,-0.032257,0.009856,-0.044428,0.010102,-0.039551,0.072888,-0.045149,-0.007571,-0.008244,0.035285,-0.010973,-0.040781,-0.053108,0.036083,-0.031596,-0.03026,0.071975,0.026096,-0.046002,-0.047829,0.065621,-0.01633,-0.016555
9.34,0.021778,-0.036364,0.05154,-0.022492,-0.051806,-0.02053,0.064898,-0.033694,0.007734,-0.044222,0.012441,-0.03911,0.071533,-0.04577,-0.005318,-0.006657,0.038145,-0.012906,-0.040133,-0.052963,0.034292,-0.030406,-0.029593,0.072073,0.029095,-0.046201,-0.047523,0.063962,-0.015086,-0.014699
9.35,0.024765,-0.03543,0.04994,-0.020871,-0.051344,-0.019472,0.06658,-0.035058,0.005637,-0.043986,0.014825,-0.038622,0.070049,-0.04635,-0.002989,-0.005023,0.041013,-0.014779,-0.039444,-0.052756,0.032479,-0.029161,-0.028897,0.071964,0.032127,-0.04636,-0.04715,0.062237,-0.013795,-0.012767
9.36,0.027775,-0.03445,0.048284,-0.019171,-0.050809,-0.018376,0.068041,-0.036334,0.003556,-0.043716,0.017282,-0.038094,0.068429,-0.046876,-0.000567,-0.003321,0.043908,-0.016598,-0.038722,-0.052479,0.030635,-0.02784,-0.028167,0.071656,0.035194,-0.046483,-0.046686,0.060429,-0.012455,-0.010741
9.37,0.030777,-0.033443,0.046591,-0.017406,-0.050229,-0.017274,0.069242,-0.037517,0.001526,-0.043424,0.019743,-0.037532,0.066692,-0.047347,0.001902,-0.001595,0.046766,-0.018339,-0.037987,-0.052126,0.028789,-0.02648,-0.027416,0.07115,0.03821,-0.046569,-0.04617,0.058568,-0.0111,-0.008652
9.38,0.033836,-0.032391,0.044833,-0.01556,-0.049584,-0.016148,0.070191,-0.038644,-0.000494,-0.043109,0.02225,-0.036936,0.064827,-0.047768,0.004466,0.00018,0.049607,-0.020037,-0.037225,-0.051675,0.026911,-0.025058,-0.026638,0.070451,0.041184,-0.046627,-0.045568,0.05663,-0.009701,-0.006471
9.38,0.036948,-0.031302,0.043038,-0.013646,-0.048896,-0.014984,0.070863,-0.039701,-0.002476,-0.042756,0.024778,-0.036286,0.062862,-0.048142,0.007086,0.002003,0.052377,-0.021672,-0.036437,-0.05117,0.025024,-0.023576,-0.025821,0.06957,0.044081,-0.046648,-0.044887,0.054636,-0.008264,-0.004217
9.39,0.040073,-0.030173,0.041208,-0.01166,-0.048178,-0.01379,0.071276,-0.040682,-0.004408,-0.042376,0.027339,-0.035587,0.060811,-0.04844,0.009771,0.003874,0.055059,-0.02324,-0.035623,-0.050603,0.023139,-0.022043,-0.024969,0.068525,0.046888,-0.046621,-0.044139,0.052595,-0.00678,-0.001877
9.4,0.043139,-0.028994,0.039336,-0.00959,-0.04741,-0.012575,0.071448,-0.041594,-0.006301,-0.041954,0.02993,-0.034853,0.058685,-0.048678,0.012549,0.005793,0.057656,-0.02474,-0.03478,-0.049983,0.021246,-0.020436,-0.024094,0.067323,0.049623,-0.046544,-0.043309,0.050502,-0.005268,0.000557
9.41,0.04608,-0.027779,0.037428,-0.007454,-0.046615,-0.011332,0.071388,-0.042443,-0.008149,-0.041503,0.03253,-0.03407,0.056502,-0.048863,0.015387,0.007751,0.060123,-0.026186,-0.033913,-0.049315,0.019353,-0.018776,-0.023181,0.065969,0.052205,-0.046424,-0.042409,0.048366,-0.003717,0.003067
9.42,0.048942,-0.026523,0.035468,-0.005242,-0.045783,-0.010044,0.071105,-0.043239,-0.009961,-0.041029,0.03516,-0.033226,0.054255,-0.048991,0.018302,0.00976,0.062466,-0.027574,-0.033021,-0.048586,0.017444,-0.017056,-0.022219,0.064474,0.054626,-0.046264,-0.041433,0.04617,-0.002124,0.005666
9.42,0.051742,-0.025232,0.033476,-0.002957,-0.044913,-0.008726,0.070617,-0.043963,-0.011729,-0.040519,0.037804,-0.03233,0.051974,-0.049057,0.021289,0.011805,0.06467,-0.028905,-0.032101,-0.047808,0.015538,-0.015273,-0.021223,0.062854,0.056958,-0.046053,-0.04039,0.043938,-0.000493,0.008349
9.43,0.054437,-0.023896,0.031468,-0.000604,-0.044013,-0.007379,0.069943,-0.044607,-0.013435,-0.039985,0.040474,-0.031388,0.049678,-0.049059,0.024346,0.013887,0.066719,-0.030162,-0.031151,-0.046997,0.013654,-0.013428,-0.020195,0.061143,0.05929,-0.045791,-0.039289,0.041687,0.001169,0.011111
9.44,0.056935,-0.022522,0.029429,0.001814,-0.043071,-0.005991,0.069087,-0.045184,-0.015096,-0.039419,0.043166,-0.030386,0.047369,-0.048993,0.027473,0.016012,0.068589,-0.031347,-0.030172,-0.046148,0.011776,-0.01152,-0.019121,0.059337,0.061628,-0.045486,-0.038126,0.039404,0.002867,0.013957
9.45,0.059196,-0.021099,0.027337,0.004323,-0.042057,-0.004545,0.068035,-0.045702,-0.016727,-0.038819,0.045885,-0.029311,0.045023,-0.048874,0.030673,0.018193,0.070257,-0.032499,-0.029155,-0.045238,0.009882,-0.009537,-0.017984,0.057427,0.063847,-0.045135,-0.036876,0.037064,0.004627,0.016903
9.46,0.061227,-0.019642,0.02523,0.006866,-0.040997,-0.003074,0.066815,-0.046161,-0.018306,-0.038211,0.048578,-0.028186,0.042682,-0.048703,0.033881,0.020387,0.071652,-0.033586,-0.028125,-0.044319,0.008013,-0.007508,-0.016812,0.055446,0.06574,-0.044739,-0.03558,0.034711,0.00641,0.019901
9.46,0.063118,-0.018156,0.023098,0.009486,-0.039891,-0.001564,0.065448,-0.046536,-0.019826,-0.037559,0.051247,-0.027004,0.04033,-0.048471,0.037118,0.022611,0.072768,-0.03461,-0.027064,-0.043402,0.006156,-0.005416,-0.015602,0.05339,0.067206,-0.044297,-0.034238,0.032336,0.008223,0.022966
9.47,0.064869,-0.016613,0.020952,0.012156,-0.038738,-1.10E-05,0.063952,-0.046849,-0.021295,-0.036872,0.053858,-0.025761,0.03797,-0.048179,0.040328,0.024864,0.073596,-0.035577,-0.025965,-0.042488,0.00432,-0.003261,-0.014342,0.051278,0.068201,-0.04379,-0.032841,0.029946,0.010076,0.026064
9.48,0.066465,-0.015029,0.01877,0.014896,-0.037525,0.001606,0.062337,-0.047111,-0.022716,-0.036156,0.056412,-0.024442,0.035581,-0.047825,0.043496,0.027168,0.074135,-0.036501,-0.024837,-0.041557,0.00248,-0.001024,-0.013014,0.049097,0.068828,-0.043241,-0.031382,0.027528,0.011987,0.029216
9.49,0.067866,-0.013416,0.016579,0.017681,-0.036265,0.003255,0.060618,-0.047309,-0.02409,-0.035407,0.058843,-0.023069,0.033191,-0.047428,0.046553,0.029478,0.074378,-0.037373,-0.023695,-0.040619,0.000657,0.001258,-0.01164,0.046885,0.069231,-0.042642,-0.02988,0.025105,0.013919,0.032374
9.5,0.069076,-0.011759,0.014373,0.020521,-0.034964,0.004939,0.058788,-0.047447,-0.025394,-0.034622,0.061155,-0.021634,0.030791,-0.046969,0.049502,0.031798,0.074328,-0.03819,-0.022522,-0.039695,-0.001149,0.003597,-0.010227,0.04465,0.069464,-0.041998,-0.028342,0.022673,0.015881,0.035554
9.5,0.069997,-0.010058,0.012154,0.023423,-0.033635,0.006672,0.056859,-0.047522,-0.026633,-0.033795,0.063344,-0.020149,0.028406,-0.046438,0.052364,0.034146,0.073999,-0.038939,-0.021315,-0.038785,-0.002932,0.006002,-0.008752,0.042405,0.069539,-0.041295,-0.026773,0.020244,0.017883,0.038771
9.51,0.07054,-0.008307,0.009917,0.026401,-0.032265,0.00846,0.054842,-0.047541,-0.027823,-0.032923,0.06542,-0.018586,0.02603,-0.045846,0.055176,0.036514,0.073409,-0.039639,-0.020072,-0.037852,-0.004708,0.00848,-0.007222,0.040159,0.069458,-0.040539,-0.025165,0.017808,0.019926,0.04204
9.52,0.07069,-0.006516,0.00768,0.029437,-0.030855,0.010291,0.052751,-0.047505,-0.028955,-0.032021,0.067363,-0.016964,0.023681,-0.045201,0.057906,0.038886,0.072581,-0.040286,-0.018799,-0.03688,-0.006467,0.011008,-0.005627,0.037914,0.069188,-0.03975,-0.023514,0.015393,0.022,0.045305
9.53,0.070524,-0.004696,0.00545,0.03251,-0.029438,0.012157,0.050607,-0.047411,-0.030022,-0.031079,0.069155,-0.0153,0.021374,-0.044488,0.060532,0.041253,0.071555,-0.040861,-0.017503,-0.03588,-0.008206,0.013579,-0.003993,0.035691,0.068694,-0.038916,-0.021857,0.012993,0.024093,0.04849
9.54,0.070128,-0.00282,0.003204,0.035658,-0.027999,0.014066,0.048407,-0.047261,-0.031047,-0.030084,0.070779,-0.013573,0.019086,-0.043714,0.063102,0.043613,0.070343,-0.041387,-0.016164,-0.034834,-0.009937,0.016225,-0.002301,0.033469,0.067941,-0.038027,-0.02018,0.0106,0.026212,0.051577
9.54,0.069554,-0.000897,0.000966,0.03885,-0.026533,0.016019,0.046177,-0.047062,-0.032016,-0.029048,0.072194,-0.011792,0.016837,-0.042893,0.06556,0.045951,0.068966,-0.041851,-0.014777,-0.033737,-0.011647,0.018924,-0.000548,0.031261,0.066909,-0.037096,-0.018474,0.008235,0.028352,0.054525
9.55,0.06882,0.001069,-0.001263,0.042071,-0.025055,0.018026,0.04392,-0.04681,-0.032941,-0.027966,0.073368,-0.009956,0.014633,-0.042017,0.067801,0.048264,0.067436,-0.042267,-0.01336,-0.032591,-0.01335,0.021677,0.001267,0.029065,0.065607,-0.036111,-0.016751,0.005889,0.030521,0.057341
9.56,0.067918,0.003088,-0.003493,0.045305,-0.023552,0.020086,0.041644,-0.046515,-0.033829,-0.026835,0.074279,-0.008062,0.012455,-0.041085,0.069738,0.050538,0.065742,-0.042634,-0.011894,-0.031393,-0.015052,0.024494,0.003143,0.026873,0.064029,-0.035071,-0.01501,0.003566,0.032717,0.060056
9.57,0.066848,0.005147,-0.00569,0.048508,-0.022054,0.022166,0.039361,-0.046185,-0.034663,-0.025668,0.074886,-0.006134,0.01033,-0.040113,0.071322,0.052731,0.063906,-0.042956,-0.010393,-0.030156,-0.016721,0.027343,0.005058,0.024712,0.06224,-0.033991,-0.01327,0.001289,0.034906,0.062673
9.58,0.065601,0.007246,-0.007867,0.051669,-0.020544,0.024274,0.037069,-0.045798,-0.035449,-0.024455,0.075197,-0.00417,0.008245,-0.039085,0.072566,0.054859,0.061941,-0.043229,-0.00885,-0.028861,-0.018381,0.030218,0.007016,0.022573,0.060296,-0.032856,-0.011521,-0.000954,0.037099,0.065193
9.58,0.064141,0.009404,-0.010036,0.0548,-0.019005,0.026435,0.034754,-0.04537,-0.036205,-0.023188,0.075215,-0.002143,0.006188,-0.038002,0.073461,0.056951,0.059848,-0.043454,-0.007254,-0.027498,-0.020042,0.033132,0.009045,0.02044,0.058295,-0.031662,-0.009743,-0.003176,0.039316,0.067567
9.59,0.062481,0.011583,-0.01215,0.057841,-0.017464,0.028608,0.032467,-0.044905,-0.036902,-0.021886,0.074949,-8.30E-05,0.004198,-0.036889,0.073989,0.058944,0.057684,-0.043636,-0.005627,-0.026109,-0.021663,0.036024,0.011114,0.018356,0.056377,-0.03044,-0.007968,-0.005323,0.041508,0.069653
9.6,0.060606,0.01381,-0.014238,0.060814,-0.015913,0.030804,0.030174,-0.044382,-0.037565,-0.020532,0.074422,0.002008,0.002241,-0.035716,0.0742,0.060827,0.055439,-0.043769,-0.003953,-0.024662,-0.023279,0.038923,0.013226,0.016286,0.054474,-0.02916,-0.006187,-0.007439,0.043691,0.071446
9.61,0.058549,0.016104,-0.016303,0.06367,-0.014336,0.033011,0.027874,-0.043807,-0.038198,-0.019121,0.073617,0.004142,0.000314,-0.03449,0.074117,0.062535,0.05312,-0.043857,-0.002218,-0.02317,-0.024881,0.041831,0.015387,0.014229,0.052497,-0.027813,-0.004381,-0.009522,0.045842,0.072983
9.62,0.056341,0.018429,-0.018321,0.066323,-0.012736,0.035214,0.025598,-0.043197,-0.038788,-0.017657,0.072547,0.006313,-0.001568,-0.033223,0.073762,0.064043,0.050762,-0.043902,-0.000435,-0.021616,-0.026456,0.044731,0.017593,0.012199,0.050414,-0.026427,-0.002561,-0.011549,0.047953,0.074295
9.62,0.054031,0.020786,-0.020301,0.068752,-0.01112,0.037406,0.023357,-0.04253,-0.039348,-0.016157,0.071212,0.008513,-0.003404,-0.031899,0.073175,0.065368,0.048392,-0.043899,0.001388,-0.020024,-0.028016,0.047644,0.019842,0.010208,0.048233,-0.024994,-0.000729,-0.013527,0.050023,0.075354
9.63,0.051704,0.023175,-0.022213,0.070965,-0.009485,0.039565,0.02116,-0.041832,-0.039869,-0.014606,0.069621,0.010727,-0.00518,-0.030539,0.072366,0.066516,0.04601,-0.043852,0.003248,-0.018391,-0.029528,0.050572,0.022126,0.008263,0.046025,-0.023517,0.001102,-0.015429,0.05202,0.076099
9.64,0.049422,0.025618,-0.024089,0.072974,-0.007808,0.041711,0.01897,-0.041082,-0.040357,-0.013,0.067783,0.012989,-0.006925,-0.029129,0.071312,0.067499,0.04359,-0.043753,0.005173,-0.016688,-0.031027,0.053544,0.024461,0.006328,0.043822,-0.021986,0.002964,-0.017292,0.05394,0.076501
9.65,0.047265,0.028086,-0.025915,0.074735,-0.006123,0.043839,0.016817,-0.040282,-0.040824,-0.011343,0.065754,0.015264,-0.008628,-0.027661,0.070052,0.068282,0.041157,-0.043616,0.007138,-0.014958,-0.032498,0.056497,0.026821,0.004425,0.041644,-0.020403,0.004827,-0.019098,0.055748,0.076528
9.66,0.045176,0.030587,-0.027682,0.076227,-0.004401,0.045966,0.014715,-0.03944,-0.041274,-0.00964,0.063564,0.017554,-0.010289,-0.026173,0.068627,0.068817,0.038718,-0.043446,0.00915,-0.01318,-0.033938,0.059392,0.029213,0.00256,0.03942,-0.018784,0.006703,-0.020834,0.057431,0.076216
9.66,0.043072,0.033119,-0.029385,0.077414,-0.002642,0.0481,0.012652,-0.038548,-0.041681,-0.007898,0.061226,0.019873,-0.011892,-0.024636,0.067064,0.069067,0.036274,-0.043225,0.011202,-0.011339,-0.035336,0.062178,0.031631,0.000733,0.037122,-0.017132,0.008604,-0.022498,0.058983,0.07563
9.67,0.040868,0.035693,-0.031043,0.078281,-0.000839,0.050236,0.010614,-0.037598,-0.042059,-0.006087,0.05875,0.022231,-0.013472,-0.023047,0.065346,0.06902,0.033811,-0.042946,0.01332,-0.00944,-0.036703,0.064826,0.03408,-0.001077,0.034744,-0.015406,0.010533,-0.024121,0.060408,0.074781
9.68,0.038579,0.038289,-0.03263,0.078836,0.000972,0.052288,0.008626,-0.036608,-0.042413,-0.004231,0.056178,0.024576,-0.015008,-0.021425,0.063499,0.068675,0.031368,-0.042636,0.015479,-0.007518,-0.038038,0.067318,0.036503,-0.002842,0.032344,-0.013649,0.012457,-0.025663,0.061654,0.073699
9.69,0.036228,0.040889,-0.034148,0.079098,0.002812,0.054198,0.006679,-0.035589,-0.042742,-0.00234,0.05351,0.026916,-0.016495,-0.019784,0.061534,0.068053,0.028925,-0.042298,0.017666,-0.005556,-0.039318,0.069675,0.03889,-0.004574,0.029927,-0.011869,0.014389,-0.027142,0.062706,0.07239
9.7,0.033831,0.043512,-0.035587,0.07904,0.004683,0.055937,0.004775,-0.034523,-0.043049,-0.000405,0.050768,0.029262,-0.017948,-0.018118,0.059443,0.067175,0.026499,-0.041907,0.019897,-0.003558,-0.040545,0.071923,0.04126,-0.006277,0.027523,-0.010054,0.016335,-0.028543,0.063562,0.070835
9.7,0.031442,0.046147,-0.036958,0.078662,0.00659,0.057502,0.002917,-0.033417,-0.043339,0.001591,0.047974,0.031601,-0.019361,-0.0164,0.057227,0.06605,0.024093,-0.041485,0.022182,-0.001513,-0.041724,0.074037,0.0436,-0.007942,0.025137,-0.008185,0.018301,-0.029881,0.064211,0.069064
9.71,0.029059,0.048805,-0.038254,0.077955,0.008527,0.058907,0.00111,-0.03228,-0.043599,0.003628,0.045127,0.033936,-0.020731,-0.014663,0.054869,0.064675,0.021698,-0.041021,0.024508,0.000569,-0.042847,0.075938,0.045912,-0.009566,0.022783,-0.006285,0.020287,-0.031153,0.064639,0.067102
9.72,0.026696,0.05148,-0.039464,0.076928,0.010485,0.060171,-0.000673,-0.031108,-0.043837,0.005713,0.042233,0.036255,-0.02208,-0.012895,0.052384,0.063056,0.019311,-0.040518,0.026874,0.002678,-0.043905,0.077536,0.04819,-0.011177,0.020489,-0.004346,0.022279,-0.032357,0.064825,0.064983
9.73,0.024403,0.054107,-0.040595,0.075644,0.01244,0.061268,-0.002399,-0.029901,-0.044046,0.007822,0.039351,0.03853,-0.023378,-0.011119,0.04983,0.061241,0.016959,-0.039988,0.029259,0.004785,-0.044905,0.078748,0.050395,-0.012727,0.018269,-0.002392,0.02426,-0.033497,0.064745,0.062772
9.74,0.022132,0.056714,-0.041651,0.074129,0.014437,0.062192,-0.004103,-0.02865,-0.04422,0.009994,0.036451,0.040804,-0.024653,-0.0093,0.047269,0.059241,0.014614,-0.039421,0.031692,0.00694,-0.045831,0.079625,0.052564,-0.014266,0.016085,-0.00039,0.026268,-0.034583,0.064401,0.060469
9.74,0.019896,0.059254,-0.042628,0.0724,0.016449,0.062893,-0.00574,-0.027356,-0.044355,0.012203,0.033572,0.043073,-0.025885,-0.00746,0.044763,0.057096,0.012309,-0.038823,0.034159,0.009107,-0.046684,0.080201,0.054669,-0.015745,0.013971,0.001635,0.028288,-0.035605,0.063799,0.058087
9.75,0.017701,0.061698,-0.043529,0.07048,0.018462,0.063346,-0.007338,-0.026017,-0.044466,0.014442,0.030726,0.045306,-0.027079,-0.005598,0.042343,0.054826,0.010039,-0.038206,0.036638,0.011275,-0.047468,0.080502,0.056674,-0.01719,0.011932,0.003687,0.030299,-0.036566,0.06296,0.055664
9.76,0.015499,0.064082,-0.044371,0.068373,0.02049,0.063545,-0.00891,-0.024627,-0.044546,0.016721,0.027875,0.047528,-0.028248,-0.003713,0.039935,0.052411,0.007772,-0.037551,0.03916,0.013449,-0.04819,0.080507,0.058573,-0.0186,0.009933,0.005767,0.032321,-0.037487,0.061882,0.05321
9.77,0.013318,0.066351,-0.04515,0.06611,0.022515,0.06349,-0.010448,-0.023208,-0.044608,0.019036,0.025071,0.049704,-0.029383,-0.001806,0.03755,0.049882,0.005546,-0.036887,0.041686,0.015616,-0.048837,0.080169,0.060312,-0.019982,0.007993,0.007871,0.034334,-0.038356,0.060589,0.050755
9.78,0.011151,0.068498,-0.04586,0.063697,0.024553,0.063195,-0.011944,-0.021735,-0.044628,0.021394,0.022297,0.051853,-0.030489,0.000129,0.035125,0.047244,0.00335,-0.036189,0.044238,0.017788,-0.049432,0.079467,0.061894,-0.02132,0.006093,0.010011,0.036356,-0.039181,0.059074,0.048282
9.78,0.009031,0.070467,-0.046484,0.061205,0.026586,0.062672,-0.013396,-0.020242,-0.044598,0.023763,0.019584,0.053939,-0.031548,0.002072,0.032689,0.044535,0.001201,-0.035459,0.046777,0.01995,-0.049933,0.078426,0.0633,-0.022605,0.00424,0.012158,0.03837,-0.039932,0.057365,0.045789
9.79,0.006941,0.072231,-0.047053,0.058641,0.02861,0.061926,-0.014813,-0.018705,-0.044523,0.026174,0.016915,0.055938,-0.03258,0.004036,0.030255,0.041753,-0.000916,-0.034702,0.049327,0.022095,-0.050366,0.077094,0.064516,-0.023854,0.002418,0.014328,0.040365,-0.040648,0.055455,0.043266
9.8,0.004896,0.073749,-0.047546,0.056029,0.030612,0.060962,-0.016214,-0.017158,-0.044403,0.028603,0.014306,0.057821,-0.03359,0.00602,0.027842,0.038929,-0.003,-0.033932,0.051838,0.024205,-0.050718,0.075516,0.065529,-0.025075,0.000635,0.016517,0.042325,-0.04133,0.053364,0.040692
9.81,0.002893,0.075035,-0.047966,0.053352,0.032623,0.059775,-0.017591,-0.015564,-0.044222,0.031064,0.011724,0.059611,-0.034575,0.008019,0.025468,0.036053,-0.005066,-0.033113,0.054344,0.026311,-0.050986,0.073706,0.066344,-0.026261,-0.001127,0.018723,0.044274,-0.041967,0.051094,0.038057
9.82,0.000964,0.076049,-0.048305,0.050636,0.034612,0.05839,-0.018926,-0.013963,-0.043985,0.033531,0.009231,0.061282,-0.035515,0.010021,0.023145,0.033186,-0.007064,-0.032267,0.056786,0.028382,-0.051162,0.07171,0.066936,-0.027393,-0.002847,0.020932,0.046179,-0.042554,0.048708,0.035415
9.82,-0.000912,0.076805,-0.048579,0.047862,0.0366,0.056788,-0.020242,-0.012324,-0.043695,0.036032,0.006789,0.062853,-0.036427,0.012052,0.020843,0.030318,-0.009026,-0.031382,0.059199,0.030437,-0.051256,0.069527,0.067301,-0.028491,-0.004553,0.023174,0.048056,-0.043112,0.046217,0.032761
9.83,-0.002719,0.077309,-0.048785,0.045095,0.038576,0.054979,-0.021542,-0.010657,-0.043341,0.038544,0.004401,0.064321,-0.037313,0.014091,0.0186,0.027458,-0.010959,-0.030457,0.061544,0.032468,-0.051252,0.067181,0.067417,-0.029561,-0.006226,0.025423,0.049888,-0.043626,0.043641,0.030157
9.84,-0.004472,0.077553,-0.048928,0.042327,0.040529,0.052983,-0.022832,-0.008973,-0.042923,0.041065,0.002064,0.065666,-0.038164,0.016136,0.016379,0.024618,-0.012856,-0.029501,0.063816,0.034467,-0.051167,0.064672,0.067283,-0.030599,-0.007857,0.027674,0.051665,-0.044109,0.041012,0.027573
9.85,-0.006171,0.077513,-0.049023,0.039584,0.042444,0.050852,-0.02409,-0.00728,-0.042446,0.043573,-0.000183,0.066867,-0.038969,0.018175,0.01419,0.021838,-0.014683,-0.028513,0.065983,0.036416,-0.051013,0.062025,0.066904,-0.031588,-0.009459,0.029919,0.053373,-0.044548,0.038372,0.025022
9.86,-0.007825,0.077156,-0.049052,0.036838,0.044366,0.048606,-0.025336,-0.005544,-0.041889,0.046093,-0.002379,0.06793,-0.039744,0.020235,0.012,0.019084,-0.016481,-0.027472,0.068047,0.038364,-0.050769,0.05922,0.066296,-0.032551,-0.011045,0.032187,0.055043,-0.044956,0.035696,0.022471
9.86,-0.009435,0.076473,-0.049028,0.034132,0.046269,0.046282,-0.026566,-0.003788,-0.041258,0.048605,-0.004518,0.068802,-0.040482,0.022299,0.009837,0.016369,-0.018239,-0.026386,0.069967,0.040305,-0.050456,0.056312,0.065451,-0.033479,-0.012585,0.034456,0.056646,-0.045328,0.033006,0.019955
9.87,-0.010991,0.075475,-0.048963,0.031465,0.048123,0.043895,-0.027781,-0.002022,-0.040561,0.051099,-0.006586,0.06945,-0.041189,0.024364,0.007717,0.013709,-0.019938,-0.025262,0.071716,0.042203,-0.050088,0.053352,0.064373,-0.034373,-0.014087,0.036724,0.058144,-0.045671,0.030315,0.017508
9.88,-0.012492,0.074155,-0.048853,0.028824,0.049929,0.041455,-0.028982,-0.000238,-0.039788,0.053568,-0.008595,0.069858,-0.041851,0.026428,0.005636,0.011105,-0.02159,-0.024088,0.073287,0.044054,-0.049634,0.050371,0.063081,-0.03524,-0.015531,0.038992,0.059526,-0.045993,0.027622,0.015121
9.89,-0.013966,0.072524,-0.048695,0.02622,0.051695,0.038956,-0.030161,0.001567,-0.038933,0.056002,-0.010549,0.070025,-0.042471,0.028492,0.003589,0.008555,-0.023199,-0.022856,0.074648,0.045861,-0.049115,0.047386,0.061589,-0.036069,-0.016944,0.041259,0.060781,-0.046275,0.024936,0.012789
9.9,-0.015399,0.070638,-0.048501,0.023642,0.053409,0.036434,-0.031307,0.003375,-0.038005,0.058393,-0.012425,0.069938,-0.043048,0.030545,0.001583,0.006092,-0.024734,-0.021584,0.07576,0.047623,-0.048519,0.044427,0.059934,-0.036866,-0.018306,0.043512,0.061902,-0.046523,0.022295,0.010528
9.9,-0.0168,0.068546,-0.048277,0.021111,0.055063,0.033871,-0.03244,0.005198,-0.036994,0.060738,-0.014244,0.069602,-0.043584,0.032601,-0.000375,0.003698,-0.026231,-0.020263,0.076592,0.049327,-0.047859,0.041489,0.058118,-0.037645,-0.019621,0.045764,0.062888,-0.046745,0.019682,0.008325
9.91,-0.018165,0.066283,-0.048008,0.018632,0.05663,0.031278,-0.033552,0.00703,-0.035894,0.063032,-0.016008,0.069015,-0.044083,0.034655,-0.002274,0.00137,-0.02767,-0.018882,0.077124,0.050946,-0.047126,0.038568,0.056137,-0.038401,-0.020894,0.048019,0.063724,-0.046923,0.017101,0.006187
9.92,-0.019492,0.063864,-0.0477,0.016197,0.05809,0.028658,-0.034646,0.008884,-0.034701,0.065256,-0.017723,0.068192,-0.044529,0.036716,-0.004133,-0.000902,-0.029074,-0.017436,0.077377,0.052483,-0.046311,0.03565,0.053995,-0.039136,-0.022145,0.050274,0.064399,-0.047067,0.01455,0.004093
9.93,-0.020787,0.061334,-0.047367,0.013813,0.059428,0.026074,-0.035715,0.010734,-0.033427,0.067366,-0.019374,0.067172,-0.044944,0.038755,-0.005929,-0.003083,-0.030413,-0.015941,0.077368,0.053929,-0.045428,0.032764,0.051742,-0.03984,-0.023355,0.052493,0.064903,-0.047176,0.012073,0.00206
9.94,-0.022056,0.05868,-0.046992,0.011479,0.060655,0.023518,-0.036758,0.012586,-0.032078,0.069363,-0.020956,0.065961,-0.045314,0.040779,-0.00768,-0.005177,-0.031697,-0.014396,0.077101,0.055321,-0.044484,0.029899,0.049382,-0.040524,-0.024543,0.05468,0.065236,-0.047239,0.009657,8.00E-05
9.94,-0.023293,0.055939,-0.046577,0.009182,0.061754,0.021003,-0.037767,0.014432,-0.030642,0.071238,-0.022471,0.064559,-0.045639,0.042783,-0.009379,-0.007188,-0.032922,-0.012799,0.076552,0.056652,-0.043476,0.027078,0.046934,-0.041184,-0.025716,0.05682,0.065368,-0.047263,0.007311,-0.001843
9.95,-0.024519,0.053112,-0.046124,0.006902,0.062725,0.018515,-0.038762,0.016296,-0.029114,0.07301,-0.023948,0.062941,-0.045935,0.044785,-0.01104,-0.009141,-0.034118,-0.011134,0.075688,0.057938,-0.042398,0.024283,0.044399,-0.041823,-0.02689,0.058928,0.065286,-0.047238,0.005005,-0.003733
9.96,-0.025725,0.050251,-0.045627,0.004692,0.063556,0.01608,-0.039724,0.018143,-0.027505,0.074656,-0.025359,0.061138,-0.046193,0.046753,-0.012641,-0.011011,-0.03525,-0.009415,0.074514,0.059158,-0.041283,0.021561,0.041818,-0.042452,-0.028047,0.060961,0.064993,-0.047176,0.002771,-0.005569
9.97,-0.026915,0.047342,-0.045107,0.002521,0.064247,0.013693,-0.040656,0.019983,-0.025824,0.076177,-0.026704,0.059144,-0.0464,0.048692,-0.014217,-0.012804,-0.036328,-0.007647,0.073046,0.060305,-0.040124,0.018883,0.0392,-0.043068,-0.029174,0.062925,0.064489,-0.047066,0.00061,-0.007376
9.98,-0.028079,0.044407,-0.044528,0.000396,0.064779,0.011364,-0.041558,0.021818,-0.02406,0.077544,-0.027996,0.056988,-0.046567,0.050599,-0.015749,-0.014523,-0.037356,-0.005824,0.071336,0.061348,-0.038906,0.01627,0.036554,-0.043664,-0.030251,0.064806,0.063777,-0.046899,-0.00148,-0.009152
9.98,-0.029194,0.04147,-0.043911,-0.001672,0.06514,0.009085,-0.042426,0.023647,-0.022216,0.078745,-0.02923,0.054696,-0.046692,0.052468,-0.017256,-0.016174,-0.038335,-0.003952,0.069449,0.062261,-0.037649,0.013721,0.033893,-0.044255,-0.031269,0.0666,0.062863,-0.046687,-0.003499,-0.010882
9.99,-0.030226,0.038547,-0.043259,-0.003683,0.065311,0.006859,-0.043258,0.025459,-0.020304,0.079762,-0.030402,0.052293,-0.046784,0.054292,-0.018717,-0.017743,-0.039264,-0.002036,0.067413,0.063033,-0.036355,0.01126,0.031229,-0.044822,-0.032214,0.068292,0.061752,-0.046434,-0.005448,-0.012571
10,-0.031159,0.035612,-0.042555,-0.005649,0.065294,0.004673,-0.044052,0.027267,-0.018304,0.080569,-0.031525,0.049764,-0.04685,0.056073,-0.020154,-0.01926,-0.040147,-5.80E-05,0.065199,0.063684,-0.034998,0.008845,0.028536,-0.045379,-0.033092,0.069875,0.060449,-0.046136,-0.007339,-0.01422
10,-0.031994,0.032684,-0.041807,-0.007569,0.065091,0.002551,-0.044793,0.029053,-0.016238,0.08114,-0.032594,0.047154,-0.046873,0.057794,-0.021545,-0.020695,-0.040976,0.001959,0.062822,0.064218,-0.033588,0.006497,0.025853,-0.045906,-0.033922,0.07135,0.058975,-0.045774,-0.009154,-0.015804
10,-0.032789,0.029787,-0.041016,-0.009449,0.06469,0.000497,-0.045486,0.030814,-0.014109,0.081456,-0.033601,0.04447,-0.046868,0.059458,-0.02292,-0.022056,-0.041747,0.00401,0.060318,0.06461,-0.032134,0.004198,0.023193,-0.046407,-0.034741,0.072707,0.057341,-0.045367,-0.01088,-0.017333
10,-0.033581,0.026934,-0.040173,-0.01129,0.064089,-0.001509,-0.046132,0.032565,-0.011902,0.081507,-0.034556,0.041701,-0.046823,0.061059,-0.02427,-0.023347,-0.04247,0.006108,0.05769,0.064839,-0.030607,0.001949,0.020529,-0.046872,-0.035549,0.073961,0.055535,-0.044903,-0.012543,-0.018784
10,-0.034383,0.024147,-0.039276,-0.013078,0.06329,-0.003461,-0.04671,0.034282,-0.009641,0.081286,-0.035462,0.038875,-0.046735,0.062587,-0.025572,-0.024574,-0.043147,0.008232,0.054981,0.064889,-0.029035,-0.000232,0.017881,-0.047305,-0.036343,0.075112,0.053573,-0.044387,-0.014144,-0.02016
10,-0.035221,0.021405,-0.038326,-0.014827,0.062294,-0.005357,-0.04724,0.03597,-0.007322,0.08078,-0.036316,0.035991,-0.046615,0.064047,-0.026842,-0.025735,-0.043762,0.010388,0.052202,0.064746,-0.027405,-0.002362,0.015252,-0.047695,-0.037147,0.076149,0.051451,-0.043814,-0.015668,-0.021464
10,-0.036103,1.87E-02,-0.037321,-0.016532,0.061133,-0.007181,-0.047704,0.037612,-0.00496,0.080002,-0.037109,0.033099,-0.046451,0.06542,-0.028065,-0.02682,-0.044326,0.012554,0.049401,0.064423,-0.025735,-0.004428,0.012668,-0.048044,-0.037955,0.077033,0.049217,-0.043194,-0.017117,-0.022715
10.1,-0.037026,0.016106,-0.03625,-0.018207,0.059793,-0.008956,-0.048133,0.039225,-0.002529,0.078945,-0.037852,0.030169,-0.046246,0.066705,-0.029244,-0.027848,-0.044836,0.014754,0.046564,0.063908,-0.024009,-0.006443,0.010105,-0.048346,-0.038766,0.077728,0.046852,-0.042511,-0.018502,-0.023942
10.1,-0.037949,0.013535,-0.035116,-0.019818,0.058276,-0.010688,-0.048506,0.040798,-4.60E-05,0.077625,-0.038548,0.027207,-0.046005,0.067897,-0.030368,-0.02882,-0.045301,0.016982,0.043708,0.063203,-0.02223,-0.008396,0.007558,-0.048598,-0.039525,0.078205,0.044379,-0.041781,-0.019834,-0.02515
10.1,-0.038832,0.011057,-0.033929,-0.02136,0.05661,-0.012359,-0.048839,0.042316,0.002454,0.076078,-0.039197,0.024273,-0.045724,0.06897,-0.031433,-0.029729,-0.045708,0.019196,0.040881,0.062314,-0.020428,-0.010257,0.005076,-0.048791,-0.040205,0.078429,0.041849,-0.041014,-0.021102,-0.026336
10.1,-0.039675,0.008626,-0.032671,-0.022852,0.054796,-0.013989,-0.049146,0.043794,0.005001,0.074289,-0.039795,0.021337,-0.045412,0.06993,-0.032454,-0.030593,-0.046083,0.021424,0.03803,0.061246,-0.018571,-0.012067,0.002622,-0.04894,-0.040816,0.078401,0.039264,-0.040191,-0.022317,-0.027543
10.1,-0.040453,0.006258,-0.031357,-0.024289,0.052857,-0.015558,-0.049395,0.045238,0.00758,0.07228,-0.040346,0.018431,-0.045065,0.070763,-0.033419,-0.031396,-0.0464,0.023644,0.035167,0.06,-0.016675,-0.013816,0.000229,-0.049032,-0.041398,0.078127,0.036649,-0.039312,-0.023466,-0.028761
10.1,-0.041143,0.003971,-0.029983,-0.025643,0.050804,-0.017075,-0.04959,0.046628,0.010164,0.070086,-0.040837,0.015567,-0.044667,0.071463,-0.034322,-0.03214,-0.046667,0.025834,0.032322,0.058577,-0.014748,-0.015497,-0.00211,-0.049061,-0.041954,0.077631,0.034022,-0.038381,-0.024555,-0.029967
10.1,-0.041706,0.001759,-0.028541,-0.026928,0.048629,-0.018556,-0.049739,0.047985,0.012766,0.067707,-0.041301,0.012731,-0.044236,0.072024,-0.035179,-0.032845,-0.046907,0.028012,0.029482,0.056971,-0.012775,-0.017125,-0.004404,-0.049033,-0.042498,0.076924,0.031373,-0.037398,-0.025609,-0.031162
10.1,-0.042156,-0.000389,-0.027034,-0.028145,0.046338,-0.020007,-0.049843,0.049317,0.0154,0.065149,-0.041724,0.009929,-0.043757,0.072433,-0.035991,-0.033517,-0.047113,0.03018,0.026639,0.055195,-0.010747,-0.018697,-0.006656,-0.048949,-0.04305,0.075998,0.028699,-0.036357,-0.026623,-0.03234
10.1,-0.042511,-0.002443,-0.025478,-0.029261,0.043978,-0.021394,-0.049872,0.050577,0.018003,0.062461,-0.042093,0.00722,-0.043236,0.072655,-0.036765,-0.034132,-0.047261,0.032289,0.023846,0.053299,-0.008698,-0.020206,-0.008825,-0.048793,-0.043604,0.074852,0.02606,-0.035268,-0.027576,-0.033477
10.1,-0.04287,-0.004445,-0.023842,-0.030307,0.041511,-0.02275,-0.049827,0.051783,0.020622,0.059601,-0.042411,0.004545,-0.042642,0.072683,-0.037528,-0.034696,-0.047367,0.034372,0.021061,0.051261,-0.006585,-0.021649,-0.010956,-0.048566,-0.044189,0.073465,0.023402,-0.034107,-0.028493,-0.034561
10.1,-0.043266,-0.006354,-0.022173,-0.031279,0.038994,-0.024058,-0.049728,0.052917,0.023203,0.056648,-0.042692,0.001969,-0.042019,0.072514,-0.038279,-0.035228,-0.04744,0.036398,0.018342,0.049132,-0.004455,-0.023007,-0.013001,-0.048295,-0.044725,0.071862,0.020781,-0.032906,-0.029367,-0.03555
10.1,-0.043708,-0.008209,-0.020421,-0.032221,0.036382,-0.025344,-0.049567,0.053995,0.025784,0.05357,-0.042939,-0.000567,-0.041326,0.072146,-0.039016,-0.03572,-0.047476,0.038401,0.015649,0.046873,-0.002266,-0.024299,-0.015014,-0.047949,-0.045201,0.070035,0.018147,-0.031639,-0.030222,-0.03646
10.2,-0.044213,-0.00998,-0.018615,-0.033126,0.033727,-0.026586,-0.049331,0.054986,0.028325,0.050426,-0.043137,-0.003023,-0.040563,0.071574,-0.039707,-0.036178,-0.047463,0.040338,0.013028,0.044534,-4.40E-05,-0.025504,-0.016958,-0.047522,-0.045595,0.068019,0.01554,-0.030315,-0.031041,-0.037273
10.2,-0.044743,-0.011699,-0.016742,-0.034001,0.031036,-0.027783,-0.049033,0.055895,0.030831,0.047202,-0.043281,-0.005396,-0.039735,0.070794,-0.040352,-0.036581,-0.04741,0.042218,0.01045,0.042108,0.002228,-0.026645,-0.018836,-0.047033,-0.04598,0.065811,0.01296,-0.028923,-0.031819,-0.037985
10.2,-0.045273,-0.013359,-0.014822,-0.034862,0.028333,-0.028935,-0.048681,0.056723,0.033293,0.043944,-0.043388,-0.007677,-0.038852,0.069821,-0.040954,-0.036955,-0.047318,0.044022,0.007937,0.039613,0.004522,-0.027723,-0.020644,-0.046478,-0.046352,0.063443,0.010428,-0.027483,-0.032569,-0.038615
10.2,-0.045745,-0.014947,-0.012855,-0.035708,0.025628,-0.030047,-0.048279,0.057472,0.03569,0.040688,-0.043455,-0.009874,-0.037898,0.068661,-0.04151,-0.037303,-0.047189,0.045742,0.005512,0.037066,0.006835,-0.028742,-0.022391,-0.045854,-0.046643,0.060922,0.007939,-0.025991,-0.033298,-0.039206
10.2,-0.046152,-0.016488,-0.010813,-0.036535,0.022897,-0.031119,-0.047803,0.058152,0.038057,0.03741,-0.043481,-0.012004,-0.036856,0.067304,-0.042024,-0.037621,-0.047012,0.047403,0.003142,0.034437,0.009207,-0.029731,-0.024087,-0.045153,-0.046798,0.058228,0.005477,-0.02442,-0.034,-0.039777
10.2,-0.04645,-0.017984,-0.008713,-0.037318,0.020172,-0.032147,-0.047279,0.058753,0.040366,0.034137,-0.043461,-0.014051,-0.035741,0.06576,-0.042501,-0.037916,-0.046791,0.048986,0.000834,0.031755,0.011604,-0.0307,-0.025716,-0.044374,-0.04684,0.055379,0.003055,-0.022787,-0.034674,-0.040357
10.2,-0.046667,-0.01942,-0.006563,-0.038032,0.017467,-0.033129,-0.046697,0.059268,0.042603,0.030875,-0.043405,-0.016008,-0.034553,0.064036,-0.042977,-0.038193,-0.046537,0.050495,-0.001398,0.029055,0.014026,-0.031642,-0.027284,-0.043529,-0.046852,0.052391,0.000689,-0.021099,-0.03533,-0.040947
10.2,-0.046847,-0.020802,-0.004353,-0.038678,0.014774,-0.034074,-0.046065,0.059675,0.044763,0.027631,-0.043312,-0.017885,-0.033283,0.062124,-0.043446,-0.038444,-0.046249,0.051926,-0.00357,0.026328,0.016477,-0.032557,-0.028785,-0.04261,-0.046882,0.049279,-0.001629,-0.019336,-0.035965,-0.041557
10.2,-0.047026,-0.022125,-0.002108,-0.039274,0.01213,-0.034974,-0.045365,0.059969,0.04682,0.024438,-0.04318,-0.019668,-0.031932,0.060045,-0.043903,-0.038676,-0.045907,0.053276,-0.005663,0.023608,0.018923,-0.033439,-0.030214,-0.041616,-0.046961,0.046105,-0.003881,-0.017521,-0.036573,-0.042183
10.2,-0.047194,-0.023389,0.00021,-0.039808,0.0095,-0.035841,-0.044603,0.060142,0.048787,0.021265,-0.043013,-0.021381,-0.030486,0.057778,-0.044354,-0.03889,-0.045526,0.054537,-0.007706,0.020872,0.0214,-0.034283,-0.03157,-0.040543,-0.047114,0.042858,-0.006093,-0.015629,-0.037167,-0.04277
10.2,-0.047313,-0.024592,0.002558,-0.040292,0.00691,-0.036671,-0.043786,0.060183,0.050635,0.01814,-0.04282,-0.023007,-0.028963,0.055355,-0.04478,-0.039093,-0.045109,0.055693,-0.009682,0.018161,0.023856,-0.035056,-0.032853,-0.039402,-0.047272,0.039591,-0.008241,-0.013681,-0.037732,-0.043291
10.2,-0.047382,-0.025738,0.004949,-0.040734,0.004359,-0.03747,-0.042903,0.060085,0.052368,0.015051,-0.0426,-0.024561,-0.027353,0.052771,-0.045176,-0.039279,-0.044635,0.056743,-0.011609,0.015464,0.026308,-0.035754,-0.034072,-0.038186,-0.047359,0.036295,-0.010337,-0.01167,-0.038283,-0.043719
10.2,-0.047405,-0.026825,0.007393,-0.041155,0.001838,-0.038237,-0.04195,0.059842,0.053985,0.012,-0.042356,-0.026047,-0.025648,0.050047,-0.045505,-0.039455,-0.044123,0.05769,-0.013493,0.012787,0.028738,-0.036386,-0.035214,-0.036877,-0.047336,0.032972,-0.012377,-0.009587,-0.038807,-0.044067
10.3,-0.047378,-0.027855,0.00986,-0.041512,-0.000619,-0.038954,-0.040933,0.059466,0.055486,0.009014,-0.042083,-0.027448,-0.023857,0.047224,-0.045779,-0.039621,-0.043554,0.058535,-0.015326,0.010163,0.031132,-0.036935,-0.036273,-0.035492,-0.04722,0.029667,-0.014349,-0.007441,-0.039305,-0.044305
10.3,-0.047281,-0.028843,0.012376,-0.041847,-0.003054,-0.039636,-0.039845,0.05894,0.056878,0.00608,-0.041775,-0.028792,-0.02197,0.044303,-0.046018,-0.039779,-0.042936,0.059284,-0.017115,0.007554,0.033494,-0.037412,-0.037267,-0.034022,-0.047005,0.026365,-0.016275,-0.005222,-0.039771,-0.044472
10.3,-0.047118,-0.029786,0.014883,-0.042159,-0.005415,-0.040283,-0.038705,0.058267,0.05815,0.003229,-0.041456,-0.030065,-0.020011,0.041333,-0.046193,-0.039938,-0.04228,0.059924,-0.01884,0.005011,0.035786,-0.037825,-0.038185,-0.032482,-0.046699,0.023106,-0.018129,-0.002955,-0.040215,-0.0446
10.3,-0.046884,-0.030703,0.017421,-0.042428,-0.007727,-0.040884,-0.0375,0.057429,0.059306,0.000427,-0.041115,-0.031267,-0.017957,0.038291,-0.046269,-0.04009,-0.041572,0.060461,-0.020539,0.002515,0.038037,-0.038206,-0.039028,-0.030859,-0.046351,0.019857,-0.019918,-0.000617,-0.04062,-0.044701
10.3,-0.046604,-0.031605,0.019971,-0.042678,-0.010001,-0.041441,-0.036222,0.056429,0.060338,-0.002322,-0.040734,-0.032404,-0.015799,0.035186,-0.046255,-0.040223,-0.040808,0.060882,-0.02221,5.40E-05,0.040237,-0.038555,-0.039799,-0.029143,-0.045984,0.016637,-0.021661,0.00179,-0.040993,-0.04477
10.3,-0.046306,-0.032472,0.022498,-0.042913,-0.012201,-0.041953,-0.034886,0.055292,0.061235,-0.004969,-0.040345,-0.033471,-0.013575,0.03208,-0.046176,-0.040344,-0.040006,0.061194,-0.023808,-0.00233,0.042345,-0.038884,-0.040499,-0.027353,-0.045585,0.013497,-0.023339,0.004241,-0.041332,-0.044799
10.3,-0.045993,-0.03331,0.025023,-0.043119,-0.014343,-0.042425,-0.033488,0.05401,0.062,-0.007552,-0.039942,-0.034481,-0.011261,0.028942,-0.046042,-0.040459,-0.039162,0.061393,-0.025369,-0.004651,0.044372,-0.039184,-0.041144,-0.025479,-0.045151,0.010399,-0.024966,0.00675,-0.041646,-0.0448
10.3,-0.045654,-0.03412,0.027522,-0.043279,-0.016413,-0.042841,-0.032028,0.052592,0.062619,-0.010062,-0.039515,-0.035423,-0.008863,0.025799,-0.045875,-0.040553,-0.038263,0.061476,-0.026876,-0.006898,0.046281,-0.039445,-0.041707,-0.023526,-0.044675,0.007365,-0.026531,0.009305,-0.041927,-0.044782
10.3,-0.045267,-0.034894,0.02999,-0.043409,-0.018417,-0.043203,-0.030502,0.051039,0.063095,-0.012494,-0.039068,-0.036303,-0.006394,0.022657,-0.045702,-0.04062,-0.037313,0.061448,-0.028335,-0.009075,0.048063,-0.039701,-0.042207,-0.021499,-0.044192,0.004392,-0.028045,0.011887,-0.042171,-0.044743
10.3,-0.044799,-0.035641,0.03243,-0.043484,-0.020347,-0.043512,-0.028924,0.04936,0.06344,-0.014849,-0.038604,-0.037129,-0.003849,0.019534,-0.045516,-0.040678,-0.036323,0.061313,-0.029738,-0.01117,0.049719,-0.039953,-0.042637,-0.019401,-0.043632,0.001488,-0.029498,0.01451,-0.042383,-0.04468
10.3,-0.044269,-0.036367,0.034849,-0.04348,-0.022227,-0.04378,-0.027268,0.047541,0.063671,-0.01715,-0.038126,-0.037912,-0.001212,0.016413,-0.045312,-0.040718,-0.035276,0.061066,-0.031107,-0.01321,0.051268,-0.0402,-0.04302,-0.017209,-0.042972,-0.001368,-0.030919,0.01718,-0.042569,-0.044586
10.3,-0.043664,-0.037056,0.0372,-0.043412,-0.024014,-0.043986,-0.025564,0.045618,0.063792,-0.019338,-0.037618,-0.038641,0.001468,0.01336,-0.045082,-0.040728,-0.034187,0.060702,-0.032397,-0.015159,0.052675,-0.040429,-0.04333,-0.014963,-0.042222,-0.004122,-0.032273,0.019835,-0.042709,-0.044437
10.4,-0.042974,-0.037725,0.039506,-0.043313,-0.025725,-0.044139,-0.023783,0.043558,0.063814,-0.021481,-0.037093,-0.039327,0.004236,0.010315,-0.044799,-0.040713,-0.033036,0.060212,-0.033654,-0.01703,0.053973,-0.040639,-0.043575,-0.012621,-0.041393,-0.006828,-0.033563,0.022536,-0.042812,-0.044242
10.4,-0.0422,-0.038375,0.041714,-0.043194,-0.027354,-0.044234,-0.021949,0.041405,0.063734,-0.023546,-0.036548,-0.039965,0.007044,0.007333,-0.04448,-0.040673,-0.031843,0.059594,-0.03487,-0.018814,0.055135,-0.040825,-0.043764,-0.010225,-0.040521,-0.009454,-0.034789,0.025222,-0.042876,-0.044031
10.4,-0.041343,-0.038998,0.043821,-0.043053,-0.028916,-0.044276,-0.020044,0.039156,0.063544,-0.025545,-0.035982,-0.040572,0.009909,0.004394,-0.044142,-0.040601,-0.030597,0.058851,-0.036044,-0.020543,0.056154,-0.04099,-0.043902,-0.00774,-0.039602,-0.012016,-0.035968,0.027901,-0.042899,-0.043795
10.4,-0.040425,-0.039577,0.045802,-0.042907,-0.030397,-0.044265,-0.018077,0.036836,0.06323,-0.027458,-0.035395,-0.04115,0.012812,0.001524,-0.043764,-0.040498,-0.029312,0.057987,-0.037157,-0.022203,0.057017,-0.041122,-0.043986,-0.005199,-0.038654,-0.014484,-0.037086,0.030551,-0.042883,-0.04351
10.4,-0.039437,-0.040128,0.047672,-0.042754,-0.031806,-0.044202,-0.016026,0.034444,0.062778,-0.029315,-0.034783,-0.041693,0.015774,-0.001307,-0.043335,-0.04036,-0.027969,0.056985,-0.03823,-0.023799,0.057728,-0.041224,-0.044021,-0.002561,-0.037679,-0.016894,-0.038151,0.033174,-0.042827,-0.043178
10.4,-0.038405,-0.040645,0.049413,-0.042584,-0.033119,-0.044082,-0.013917,0.032007,0.062202,-0.031099,-0.034152,-0.042207,0.018744,-0.004064,-0.042817,-0.040182,-0.026583,0.055853,-0.039251,-0.025314,0.058282,-0.041313,-0.044006,0.000122,-0.036677,-0.019223,-0.039141,0.035722,-0.042725,-0.042802
10.4,-0.037346,-0.041143,0.05103,-0.042388,-0.034333,-0.043904,-0.011754,0.029539,0.061496,-0.032787,-0.033494,-0.042671,0.021717,-0.006738,-0.042231,-0.039958,-0.025168,0.054592,-0.040205,-0.026752,0.058677,-0.041368,-0.043942,0.002846,-0.035623,-0.021451,-0.040056,0.038197,-0.042575,-0.042387
10.4,-0.036228,-0.041597,0.052554,-0.042139,-0.035489,-0.043681,-0.009498,0.027011,0.060662,-0.034418,-0.032808,-0.043124,0.024742,-0.009371,-0.041548,-0.039696,-0.023681,0.053177,-0.041117,-0.028162,0.058932,-0.041383,-0.04385,0.005666,-0.034468,-0.023618,-0.040927,0.040637,-0.042383,-0.041905
10.4,-0.035073,-0.042045,0.05394,-0.041834,-0.036564,-0.043418,-0.007188,0.024479,0.059724,-0.035971,-0.032104,-0.043534,0.027764,-0.011913,-0.040807,-0.039399,-2.22E-02,0.051635,-0.041983,-0.029502,0.059054,-0.041386,-0.043731,0.008522,-0.033222,-0.025696,-0.041734,0.043003,-0.042148,-0.041395
10.4,-0.033888,-0.042475,0.055177,-0.041515,-0.037553,-0.0431,-0.004801,0.021923,0.058678,-0.037448,-0.031361,-0.043902,0.030788,-0.014383,-0.040027,-0.039051,-0.020587,0.049964,-0.042814,-0.03078,0.059052,-0.041384,-0.043578,0.011424,-0.031864,-0.027695,-0.042473,0.045298,-0.041848,-0.040862
10.4,-0.032684,-0.042884,0.056233,-0.041174,-0.038458,-0.042723,-0.002356,0.019371,0.057519,-0.038847,-0.030584,-0.044225,0.033785,-0.016764,-0.039227,-0.03865,-0.018967,0.048173,-0.04361,-0.031998,0.058927,-0.041365,-0.043396,0.014361,-0.030402,-0.029608,-0.043144,0.047478,-0.041498,-0.04032
10.4,-0.031426,-0.043281,0.057108,-0.040803,-0.039298,-0.042311,0.000158,0.016813,0.05625,-0.040181,-0.029775,-0.044504,0.036738,-0.01907,-0.038396,-0.038209,-0.017297,0.046271,-0.044369,-0.033171,0.058689,-0.04135,-0.043197,0.017333,-0.028807,-0.031444,-0.043749,0.049514,-0.041102,-0.039771
10.4,-0.030097,-0.043648,0.057802,-0.040419,-0.040072,-0.041852,0.002738,0.014271,0.054868,-0.041446,-0.028934,-0.044746,0.03963,-0.02129,-0.037529,-0.037716,-0.015574,0.044268,-0.045093,-0.034296,0.058343,-0.041317,-0.042975,0.020341,-0.027108,-0.033207,-0.044301,0.051381,-0.04065,-0.039194
10.5,-0.028679,-0.043986,0.058322,-0.040017,-0.040766,-0.041349,0.005396,0.011734,0.053379,-0.042642,-0.028047,-0.04494,0.042448,-0.023423,-0.03665,-0.037175,-0.013794,0.04217,-0.04576,-0.035368,0.057876,-0.041267,-0.042728,0.023386,-0.025319,-0.03488,-0.044779,0.053064,-0.040151,-0.038555
10.5,-0.027209,-0.044302,0.058664,-0.039585,-0.041389,-0.040793,0.0081,0.009241,0.051786,-0.043769,-0.027113,-0.045074,0.045165,-0.025455,-0.035768,-0.036567,-0.01197,0.039995,-0.046388,-0.036381,0.0573,-0.041213,-0.042456,0.026439,-0.023492,-0.036469,-0.045184,0.054559,-0.039583,-0.037878
10.5,-0.025649,-0.044582,0.058856,-3.91E-02,-0.041958,-0.040203,0.010876,0.006756,0.050093,-0.044843,-0.026128,-0.045162,0.047812,-0.027421,-0.03485,-0.035909,-0.010085,0.037733,-0.046972,-0.037355,0.0566,-0.04114,-0.04217,0.02953,-0.021622,-0.038003,-0.04552,0.055892,-0.038966,-0.037155
10.5,-0.024036,-0.044835,0.05892,-0.038652,-0.042472,-0.039582,0.013695,0.004328,0.048314,-0.045832,-0.025109,-0.045205,0.050365,-0.029283,-0.033886,-0.035214,-0.008168,0.035417,-0.047502,-0.03828,0.055788,-0.041051,-0.041869,0.03262,-0.019739,-0.039438,-0.045797,0.057073,-0.038312,-0.036375
10.5,-0.02233,-0.045068,0.058853,-0.038148,-0.042934,-0.038923,0.016578,0.001931,0.04644,-0.046756,-0.024029,-0.045191,0.0528,-0.031062,-0.032871,-0.034452,-0.006189,0.033031,-0.047992,-0.039154,0.054857,-0.040954,-0.041545,0.035729,-0.017824,-0.040798,-0.046006,0.058099,-0.037598,-0.03555
10.5,-0.020522,-0.04527,0.058663,-0.037602,-0.043352,-0.038222,0.019509,-0.00042,0.044484,-0.047615,-0.022886,-0.045121,0.055081,-0.032764,-0.031798,-0.033623,-0.004156,0.030592,-0.048438,-0.039978,0.053824,-0.040838,-0.041195,0.038825,-0.015862,-0.042097,-0.046148,0.058963,-0.036825,-0.034669
10.5,-0.018615,-0.045442,0.05834,-0.037038,-0.043736,-0.037495,0.02249,-0.002728,0.042443,-0.048405,-0.021692,-0.045003,0.057178,-0.034396,-0.030651,-0.032747,-0.002068,0.028104,-0.048836,-0.040768,0.052694,-0.040697,-0.040822,0.041893,-0.013843,-0.043319,-0.046229,0.059663,-0.036018,-0.033726
10.5,-0.016622,-0.045589,0.057873,-0.036442,-0.044099,-0.036749,0.0255,-0.004988,0.040323,-0.049134,-0.020444,-0.044847,0.05908,-0.03595,-0.029429,-0.031817,6.70E-05,0.025575,-0.049187,-0.041521,0.051478,-0.040542,-0.040439,0.04489,-0.011763,-0.044465,-0.046257,0.060187,-0.035172,-0.032752
10.5,-0.014553,-0.045709,0.057283,-0.035835,-0.044417,-0.035976,0.02852,-0.007187,0.038137,-0.049797,-0.019145,-0.044633,0.060782,-0.037422,-0.028141,-0.030831,0.002241,0.023024,-0.049487,-0.04223,0.05019,-0.040369,-0.040026,0.047784,-0.009614,-0.045537,-0.046214,0.060531,-0.03428,-0.031769
10.5,-0.012377,-0.045793,0.056566,-0.035205,-0.044704,-0.035172,0.031577,-0.009351,0.035866,-0.050419,-0.017754,-0.044369,0.06231,-0.038836,-0.02676,-0.029768,0.004489,0.020427,-0.04975,-0.042897,0.048823,-0.040163,-0.039581,0.050599,-0.007349,-0.046552,-0.046102,0.060709,-0.033336,-0.030759
10.5,-0.010125,-0.045841,0.055747,-0.034531,-0.044972,-0.034343,0.03462,-0.01145,0.033555,-0.050987,-0.016313,-0.04406,0.063632,-0.040169,-0.025325,-0.028652,0.006776,0.017823,-0.049968,-0.043539,0.04741,-0.03992,-0.039119,0.053297,-0.004987,-0.047484,-0.045935,0.060734,-0.032356,-0.029732
10.5,-0.007773,-0.045851,0.054827,-0.033833,-0.045214,-0.033498,0.037658,-0.013495,0.031179,-0.0515,-0.014803,-0.043703,0.064762,-0.04141,-0.023824,-0.027479,0.009123,0.015207,-0.050144,-0.044164,0.045925,-0.039646,-0.038626,0.055886,-0.002509,-0.048334,-0.04572,0.060606,-0.03134,-0.028695
10.6,-0.005367,-0.045828,0.053817,-0.033125,-0.045419,-0.032641,0.040658,-0.015479,0.028759,-0.051957,-0.013239,-0.043309,0.065695,-0.042563,-0.022294,-0.026254,0.011502,0.012589,-0.050265,-0.04474,0.044391,-0.039342,-0.038115,0.058333,5.60E-05,-0.049103,-0.045464,0.060325,-0.030293,-0.027647
10.6,-0.00288,-0.045768,0.052722,-0.032377,-0.045585,-0.031755,0.043637,-0.017422,0.026288,-0.052363,-0.01159,-0.042854,0.066443,-0.043642,-0.020721,-0.024953,0.013939,0.009955,-0.050341,-0.045281,0.042791,-0.039003,-0.037555,0.06063,0.002727,-0.049799,-0.045159,0.059888,-0.029199,-0.02656
10.6,-0.000321,-0.045665,0.051549,-0.031589,-0.045725,-0.030844,0.046587,-0.019316,0.02377,-0.052708,-0.009863,-0.042354,0.066989,-0.044644,-0.019129,-0.023581,0.016439,0.007322,-0.050371,-0.045785,0.041144,-0.038623,-0.036961,0.062765,0.005505,-0.050432,-0.044808,0.059311,-0.028058,-0.02542
10.6,0.002311,-0.04552,0.050302,-0.030766,-0.04584,-0.029925,0.049486,-0.021146,0.021235,-0.052978,-0.008071,-0.041812,0.067329,-0.045557,-0.017492,-0.022161,0.018979,0.0047,-0.05035,-0.046262,0.03945,-0.03821,-0.03634,0.064721,0.008372,-0.050991,-0.04444,0.058594,-0.02689,-0.024229
10.6,0.004998,-0.045332,0.048985,-0.0299,-0.04592,-0.028994,0.052299,-0.022912,0.01868,-0.053183,-0.006215,-0.041229,0.067459,-0.046393,-0.015819,-0.020682,0.021553,0.002102,-0.05028,-0.046684,0.037711,-0.037744,-0.035684,0.06647,0.01131,-0.051486,-0.044043,0.057761,-0.025697,-0.022977
10.6,0.007743,-0.045099,0.04761,-0.028991,-0.045961,-0.028037,0.054999,-0.024632,0.016123,-0.053332,-0.004289,-0.040587,0.067393,-0.047177,-0.014111,-0.019149,0.024157,-0.000473,-0.050168,-0.047053,0.035933,-0.03725,-0.034988,0.067982,0.014297,-0.05194,-0.043614,0.056827,-0.024467,-0.021673
10.6,0.01059,-0.044818,0.046161,-0.028027,-0.045962,-0.027045,0.057607,-0.026322,0.01353,-0.053427,-0.002265,-0.039888,0.067144,-0.047897,-0.012326,-0.017528,0.026824,-0.003055,-0.05001,-0.047371,0.034093,-0.036704,-0.034239,0.069269,0.017355,-0.052341,-0.043161,0.055795,-0.023191,-0.020308
10.6,0.013502,-0.044497,0.044668,-0.027024,-0.045938,-0.026036,0.06005,-0.027939,0.010963,-0.053473,-0.000185,-0.039154,0.066726,-0.048549,-0.010492,-0.015867,0.029513,-0.005577,-0.049801,-0.047647,0.03223,-0.036118,-0.033452,0.0703,0.020434,-0.05267,-0.042685,0.054691,-0.021886,-0.01889
10.6,0.016508,-0.04413,0.043129,-0.025969,-0.045887,-0.025008,0.062318,-0.029503,0.008411,-0.05347,0.001969,-0.038372,0.066149,-0.049144,-0.008585,-0.014157,0.032224,-0.008068,-0.049549,-0.047888,0.030331,-0.035467,-0.032629,0.071094,0.02356,-0.052939,-0.042202,0.053514,-0.020558,-0.017415
10.6,0.019578,-0.043701,0.041541,-0.024871,-0.045802,-0.023953,0.064375,-0.031021,0.005873,-0.053425,0.004188,-0.037551,0.065419,-0.049668,-0.006624,-0.012391,0.034935,-0.010509,-0.049261,-0.048077,0.0284,-0.034773,-0.031763,0.071663,0.026712,-0.053155,-0.041689,0.052269,-0.019204,-0.015901
10.6,0.02274,-0.04324,0.039884,-0.023722,-0.045671,-0.022848,0.06624,-0.032508,0.003337,-0.05334,0.0065,-0.036674,0.064533,-0.050148,-0.004594,-0.01055,0.037674,-0.012936,-0.048929,-0.048206,0.026417,-0.034031,-0.030832,0.072023,0.029945,-0.053312,-0.04115,0.05094,-0.017791,-0.014337
10.6,0.025946,-0.042739,0.038202,-0.022537,-0.045509,-0.021722,0.067881,-0.033934,0.000844,-0.053211,0.008861,-0.035767,0.063526,-0.050542,-0.002521,-0.008675,0.04038,-0.01529,-0.048564,-0.048288,0.024425,-0.033246,-0.029862,0.072169,0.033242,-0.053409,-0.040586,0.049564,-0.016364,-0.012734
10.6,0.029218,-0.042193,0.036477,-0.021291,-0.045325,-0.020567,0.069332,-0.03532,-0.001608,-0.053015,0.011308,-0.034837,0.062405,-0.050876,-0.000379,-0.006747,0.043064,-0.017591,-0.048155,-0.048335,0.022411,-0.032395,-0.028854,0.0721,0.036648,-0.053441,-0.040024,0.048128,-0.014904,-0.01107
10.7,0.032515,-0.041581,0.03471,-0.019974,-0.0451,-0.019369,0.070586,-0.036671,-0.004043,-0.052761,0.013825,-0.033869,0.061178,-0.051153,0.001829,-0.004763,0.045709,-0.019855,-0.047682,-0.048339,0.020371,-0.031483,-0.027791,0.071813,0.040147,-0.053413,-0.03944,0.046629,-0.013403,-0.00933
10.7,0.035804,-0.040943,0.032907,-0.018609,-0.044815,-0.018122,0.071635,-0.037997,-0.006438,-0.052455,0.016423,-0.032855,0.059843,-0.051371,0.004097,-0.002723,0.04831,-0.022075,-0.047181,-0.048292,0.018309,-0.03053,-0.026669,0.071311,0.043685,-0.053333,-0.038825,0.04507,-0.011857,-0.007534
10.7,0.039035,-0.040271,0.031103,-0.017208,-0.044502,-0.016837,0.072456,-0.039273,-0.008764,-0.052103,0.019054,-0.031823,0.05844,-0.051538,0.006389,-0.000655,0.050837,-0.024219,-0.046634,-0.048217,0.016258,-0.029535,-0.025512,0.070604,0.047164,-0.053201,-0.038205,0.04348,-0.01029,-0.005696
10.7,0.042243,-0.039527,0.029276,-0.015721,-0.044161,-0.015514,0.073032,-0.040518,-0.011051,-0.051682,0.021755,-0.030774,0.056946,-0.051659,0.008743,0.001464,0.053346,-0.026315,-0.046037,-0.048115,0.014199,-0.028468,-0.024317,0.069704,0.050564,-0.053006,-0.037564,0.041841,-0.008679,-0.003777
10.7,0.04542,-0.038732,0.027436,-0.01418,-0.043769,-0.014146,0.073326,-0.041723,-0.013273,-0.051217,0.024498,-0.029702,0.055381,-0.051729,0.011153,0.003624,0.055789,-0.028349,-0.045388,-0.047964,0.012145,-0.027343,-0.023076,0.068629,0.053806,-0.052754,-0.036902,0.040176,-0.007032,-0.001794
10.7,0.048607,-0.037891,0.02557,-0.012561,-0.04332,-0.012707,0.073324,-0.042898,-0.015444,-0.050704,0.027282,-0.028595,0.053726,-0.051763,0.013618,0.005838,0.058148,-0.030331,-0.044697,-0.047738,0.010084,-0.02616,-0.021773,0.067382,0.056885,-0.052463,-0.036197,0.038463,-0.005329,0.000263
10.7,0.051774,-0.037002,0.023704,-0.010893,-0.042825,-0.011235,0.073054,-0.044034,-0.017547,-0.050169,0.030065,-0.027482,0.052023,-0.051763,0.016114,0.008083,0.06034,-0.032244,-0.04397,-0.04745,0.008043,-0.024914,-0.020443,0.065996,0.05976,-0.052139,-0.035462,0.036733,-0.003592,0.002371
10.7,0.05496,-0.036053,0.021831,-0.009156,-0.0423,-0.009709,0.072548,-0.045126,-0.019585,-0.049578,0.032853,-0.026364,0.050262,-0.051718,0.018656,0.010364,0.062338,-0.034083,-0.043196,-0.047103,0.006014,-0.0236,-0.019081,0.064482,0.062458,-0.051756,-0.034709,0.034982,-0.001814,0.004545
10.7,0.058133,-0.035036,0.019948,-0.007332,-0.041708,-0.008125,0.071827,-0.046164,-0.02156,-0.048948,0.035652,-0.025222,0.048436,-0.051631,0.021259,0.012692,0.064128,-0.035843,-0.042361,-0.046657,0.003997,-0.022214,-0.017661,0.06284,0.06501,-0.05133,-0.033914,0.033204,1.80E-05,0.00679
10.7,0.06118,-0.033962,0.018065,-0.005444,-0.041058,-0.006476,0.070922,-0.04716,-0.023468,-0.04828,0.038438,-0.024057,0.046566,-0.051512,0.023898,0.015058,0.065698,-0.037527,-0.041482,-0.046123,0.001998,-0.020754,-0.016206,0.061113,0.067449,-0.050864,-0.033073,0.031409,0.0019,0.009098
10.7,0.064026,-0.032839,0.016192,-0.003497,-0.040358,-0.004786,0.069843,-0.048111,-0.025303,-0.047578,0.041203,-0.022888,0.044669,-0.051371,0.026586,0.017448,0.067055,-0.039128,-0.040568,-0.045499,2.80E-05,-0.019242,-0.014718,0.059318,0.069788,-0.050379,-0.032205,0.02961,0.00382,0.011449
10.7,0.066661,-0.031645,0.014307,-0.001455,-0.039603,-0.003028,0.068573,-0.049022,-0.02708,-0.046823,0.043986,-0.021702,0.04272,-0.051196,0.029377,0.019892,0.068201,-0.040642,-0.039598,-0.04479,-0.001933,-0.017633,-0.013188,0.057434,0.071992,-0.049852,-0.031295,0.027784,0.005806,0.013878
10.8,0.068959,-0.030394,0.01244,0.000648,-0.038787,-0.001229,0.067141,-0.049875,-0.028763,-0.046022,0.046746,-0.020508,0.040752,-0.050976,0.032239,0.022357,0.0691,-0.042063,-0.03858,-0.043989,-0.003853,-0.015968,-0.011627,0.05549,0.073893,-0.04929,-0.030345,0.025962,0.007823,0.016359
10.8,0.070959,-0.029081,0.010571,0.002832,-0.03791,0.000646,0.065553,-0.050692,-0.030397,-0.045174,0.049519,-0.019289,0.038748,-0.050728,0.035203,0.024872,0.06975,-0.043409,-0.037514,-0.043095,-0.005758,-0.014226,-0.010023,0.053473,0.075487,-0.048686,-0.029348,0.024124,0.009909,0.018904
10.8,0.072741,-0.027708,0.008716,0.005093,-0.036976,0.002574,0.063838,-0.051475,-0.031959,-0.044291,0.052265,-0.018054,0.036732,-0.050467,0.038213,0.027425,0.070151,-0.044681,-0.036414,-0.042116,-0.00763,-0.012416,-0.008382,0.051402,0.076801,-0.048068,-0.028312,0.022285,0.012043,0.021512
10.8,0.074414,-0.026271,0.00687,0.007437,-0.035975,0.00456,0.062002,-0.052209,-0.033452,-0.043362,0.054962,-0.016793,0.034692,-0.050176,0.041231,0.030015,0.070292,-0.045877,-0.035264,-0.04105,-0.009477,-0.010526,-0.006703,0.049267,0.077869,-0.047401,-0.02723,0.020436,0.01423,0.024193
10.8,0.075944,-0.024755,0.005045,0.009852,-0.034914,0.006599,0.060053,-0.052874,-0.03487,-0.042378,0.057566,-0.015517,0.032633,-0.049838,0.044171,0.032634,0.070166,-0.046992,-0.034055,-0.039903,-0.011289,-0.008562,-0.004996,0.04708,0.078648,-0.046685,-0.026107,0.018579,0.016462,0.026932
10.8,0.077244,-0.023185,0.003229,0.012345,-0.033786,0.008697,0.058008,-0.053499,-0.03623,-0.041361,0.060029,-0.014215,0.03056,-0.049488,0.046993,0.035278,0.069765,-0.048041,-0.032797,-0.038671,-0.013072,-0.006527,-0.00325,0.044857,0.079095,-0.045946,-0.024932,0.016714,0.018743,0.029724
10.8,0.078221,-0.021562,0.001444,0.014865,-0.032594,0.010841,0.055895,-0.054082,-0.037509,-0.040324,0.0623,-0.012887,0.028492,-0.049138,0.04971,0.037914,0.0691,-0.049018,-0.031514,-0.037365,-0.014804,-0.004445,-0.001475,0.04263,0.07915,-0.045193,-0.023716,0.014862,0.021067,0.032529
10.8,0.078818,-0.019867,-0.000338,0.017465,-0.031332,0.013064,0.053693,-0.054593,-0.038732,-0.039243,0.064396,-0.011518,0.026397,-0.048749,0.052443,0.04057,0.068171,-0.049923,-0.030175,-0.035977,-0.016517,-0.002279,0.000349,0.040365,0.078843,-0.044399,-0.022445,0.012996,0.023455,0.035375
10.8,0.078982,-0.018109,-0.002089,0.020099,-0.030008,0.015322,0.051435,-0.055041,-0.03988,-0.03812,0.066303,-0.010133,0.024303,-0.048334,0.055196,0.043186,0.067019,-0.050751,-0.028776,-0.034523,-0.018184,-4.80E-05,0.002191,0.038092,0.078315,-0.043573,-0.021138,0.011139,0.025864,0.038244
10.8,0.078753,-0.016288,-0.0038,0.022753,-0.028625,0.017612,0.049137,-0.055422,-0.040956,-0.036976,0.068026,-0.008718,0.022218,-0.047902,0.057911,0.045738,0.065679,-0.051504,-0.027347,-0.033023,-0.019792,0.00224,0.00405,0.035821,0.077577,-0.042737,-0.019786,0.009295,0.028296,0.041137
10.8,0.078224,-0.014397,-0.005513,0.025467,-0.027165,0.01998,0.046777,-0.055754,-0.041986,-0.0358,0.069583,-0.007252,0.020104,-0.047451,0.060479,0.04828,0.064154,-0.052207,-0.025863,-0.031443,-0.021387,0.004597,0.005963,0.033527,0.076605,-0.041881,-0.01837,0.007432,0.030782,0.044112
10.8,0.077424,-0.012455,-0.007195,0.028195,-0.025632,0.022386,0.044412,-0.056022,-0.042948,-0.034607,0.070886,-0.005749,0.018003,-0.04698,0.062735,0.050759,0.062481,-0.052824,-0.024344,-0.029825,-0.02293,0.006992,0.0079,0.031247,0.075398,-0.041011,-0.01691,0.005581,0.033284,0.047067
10.8,0.076354,-0.01044,-0.008838,0.030988,-0.024045,0.024825,0.042018,-0.056221,-0.043841,-0.033378,0.071887,-0.004214,0.015904,-0.046475,0.064741,0.053202,0.060666,-0.053365,-0.022764,-0.028186,-0.024417,0.009456,0.009865,0.028962,0.073957,-0.040111,-0.015402,0.00374,0.035794,0.04992
10.9,0.075021,-0.008352,-0.010464,0.033861,-0.02239,0.027301,0.039606,-0.05635,-0.044681,-0.032118,0.072562,-0.002635,0.013807,-0.045948,0.066621,0.055613,0.058731,-0.053822,-0.021136,-0.026511,-0.025865,0.011985,0.011857,0.026682,0.07232,-0.039185,-0.013847,0.001901,0.038313,0.052589
10.9,0.073438,-0.006208,-0.01207,0.036811,-0.020666,0.029793,0.037185,-0.056418,-0.045477,-0.030826,0.07292,-0.001015,0.011713,-0.045398,0.068479,0.057995,0.056694,-0.054217,-0.019453,-0.024812,-0.027271,0.014572,0.013879,0.024412,0.070524,-0.03824,-0.012239,6.90E-05,0.040821,0.055063
10.9,0.071659,-0.00401,-0.013638,0.039824,-0.018883,0.032305,0.034759,-0.056413,-0.046223,-0.029523,0.072994,0.000651,0.009635,-0.044825,0.070238,0.060338,0.05457,-0.054525,-0.017737,-0.023094,-0.028619,0.017219,0.015928,0.022155,0.068589,-0.037281,-0.010577,-0.001749,0.043325,0.057428
10.9,0.069803,-0.001739,-0.015191,0.042906,-0.017033,0.034823,0.032337,-0.056332,-0.046909,-0.028183,0.072805,0.002368,0.007562,-0.04422,0.071704,0.062614,0.052353,-0.054757,-0.015965,-0.021335,-0.029922,0.019956,0.018012,0.019903,0.066523,-0.036289,-0.00886,-0.003563,0.045813,0.059785
10.9,0.067934,0.000583,-0.016697,0.045976,-0.015141,0.037326,0.029929,-0.05617,-0.047544,-0.026808,0.072378,0.004114,0.005518,-0.043573,0.072717,0.064748,0.05008,-0.054926,-0.014145,-0.019564,-0.031168,0.022772,0.020106,0.017685,0.064333,-0.035277,-0.007109,-0.005354,0.04826,0.062095
10.9,0.065941,0.002987,-0.01821,0.048991,-0.013178,0.039831,0.027518,-0.055929,-0.048141,-0.025399,0.071712,0.005917,0.003463,-0.042895,0.073253,0.066716,0.047735,-0.055033,-0.012249,-0.017754,-0.032375,0.025705,0.022243,0.01546,0.061977,-0.034237,-0.005291,-0.00716,0.050681,0.064253
10.9,0.063791,0.005425,-0.01968,0.051826,-0.01118,0.042307,0.025137,-0.055617,-0.04868,-0.023977,0.070828,0.007753,0.001441,-0.042191,0.073286,0.068448,0.045375,-0.055089,-0.010328,-0.015935,-0.033528,0.028687,0.024388,0.013267,0.059442,-0.033187,-0.003437,-0.008934,0.053031,0.066096
10.9,0.06143,0.007921,-0.02114,0.0545,-0.00912,0.044769,0.02277,-0.055237,-0.049174,-0.022521,0.069721,0.009642,-0.000564,-0.041444,0.072848,0.069956,0.042983,-0.055081,-0.008346,-0.014072,-0.034634,0.031729,0.026564,0.011091,0.056672,-0.032114,-0.001523,-0.0107,0.055325,0.067576
10.9,0.058871,0.010472,-0.022561,0.056993,-0.007023,0.047217,0.020444,-0.054776,-0.049607,-0.021042,0.068394,0.011574,-0.00254,-0.040654,0.072074,0.071241,0.040597,-0.055014,-0.006316,-0.012195,-0.035683,0.034779,0.028764,0.008947,0.0538,-0.031014,0.000435,-0.012448,0.057547,0.068672
10.9,0.056216,0.013063,-0.023966,0.059349,-0.004898,0.049635,0.018145,-0.054251,-0.050002,-0.01953,0.066839,0.013539,-0.004491,-0.039829,0.071057,0.072296,0.038208,-0.05489,-0.004235,-0.010305,-0.036685,0.037819,0.030983,0.006831,0.050978,-0.02989,0.002431,-0.014181,0.059689,0.069463
10.9,0.05351,0.015697,-0.02535,0.061593,-0.002738,0.05202,0.015866,-0.053654,-0.050346,-0.018006,0.065054,0.015545,-0.006416,-0.038969,0.069831,0.07309,0.035804,-0.054713,-0.002109,-0.008403,-0.037643,0.040855,0.033226,0.004745,0.048304,-0.028752,0.004475,-0.015891,0.061729,0.070037
10.9,0.050799,0.018379,-0.026714,0.063715,-0.000558,0.054361,0.013619,-0.052993,-0.050644,-0.016453,0.063068,0.017592,-0.00832,-0.038065,0.068392,0.073602,0.033406,-0.054489,7.40E-05,-0.0065,-0.038558,0.043883,0.035493,0.002679,0.045753,-0.027591,0.006561,-0.017588,0.063646,0.07036
11,0.048063,0.021111,-0.028075,0.065643,0.001655,0.056641,0.011399,-0.05225,-0.050895,-0.01486,0.060913,0.019687,-0.010204,-0.037102,0.066704,0.073811,0.031006,-0.054207,0.002322,-0.004583,-0.039442,0.046911,0.037792,0.000638,0.043211,-0.026387,0.008701,-0.019281,0.065415,0.070346
11,0.045286,0.023862,-0.02939,0.067231,0.003864,0.058824,0.009227,-0.05144,-0.051096,-0.013258,0.058653,0.021806,-0.012034,-0.036096,0.064826,0.073721,0.028637,-0.053871,0.004598,-0.002681,-0.04027,0.049883,0.040102,-0.001356,0.040586,-0.025166,0.010865,-0.020923,0.067006,0.069966
11,0.042432,0.026655,-0.030684,0.068448,0.006088,0.060891,0.007097,-0.050571,-0.05124,-0.011636,0.056318,0.023957,-0.013829,-0.035049,0.062778,0.073353,0.0263,-0.05349,0.006915,-0.00078,-0.041053,0.05278,0.042402,-0.003313,0.037864,-0.023918,0.01307,-0.022544,0.068413,0.06921
11,0.039461,0.029517,-0.03198,0.069358,0.008328,0.062869,0.004984,-0.049626,-0.051348,-0.009973,0.053906,0.026161,-0.01561,-0.033929,0.060558,0.072736,0.023961,-0.053069,0.009304,0.001133,-0.041811,0.055603,0.044715,-0.005256,0.03511,-0.022619,0.015326,-0.024166,0.06964,0.068063
11,3.65E-02,0.03242,-0.033242,0.069975,0.010543,0.064711,2.92E-03,-0.04862,-0.051405,-0.00829,0.051485,0.028373,-0.017352,-0.032764,0.058215,0.071904,0.021676,-0.052595,0.011725,0.003026,-0.042522,0.058294,0.046985,-0.007157,0.03244,-0.021296,0.017589,-0.025741,0.070623,0.066572
11,0.033558,0.035367,-0.034463,0.070271,0.012748,0.066403,0.000914,-0.047548,-0.051416,-0.006587,0.049039,0.030609,-0.019037,-0.031543,0.055759,0.070852,0.019433,-0.052079,0.01418,0.004921,-0.043196,0.060861,0.04921,-0.009002,0.029873,-0.019937,0.019875,-0.027281,0.071327,0.064784
11,0.030714,0.038378,-0.035667,0.070205,0.014968,0.067933,-0.001068,-0.046411,-0.051381,-0.004848,0.046562,0.032896,-0.020694,-0.030265,0.053223,0.069571,0.017215,-0.05151,0.016687,0.006836,-0.043828,0.063323,0.051402,-0.010825,0.027391,-0.018534,0.022214,-0.028799,0.071745,0.062737
11,0.02802,0.041408,-0.036847,0.069801,0.017164,0.069259,-0.002998,-0.045214,-0.051309,-0.003092,0.044084,0.035206,-0.022319,-0.028927,0.050673,0.068067,0.015053,-0.050906,0.019223,0.008748,-0.04444,0.065603,0.053527,-0.012607,0.024967,-0.0171,0.024558,-0.030292,0.071891,0.060512
11,0.025408,0.044443,-0.037994,0.069062,0.019341,0.070352,-0.004884,-0.04395,-0.051189,-0.001292,0.041578,0.037531,-0.023893,-0.027528,0.048136,0.066325,0.012931,-0.050257,0.021796,0.010662,-0.045022,0.067672,0.055581,-0.014349,0.022587,-0.015609,0.026912,-0.031738,0.071774,0.058148
11,0.022836,0.047432,-0.039095,0.067976,0.021486,0.071203,-0.006719,-0.04263,-0.051009,0.000526,0.039064,0.03985,-0.025416,-0.02608,0.045566,0.064373,0.010862,-0.049553,0.024393,0.012571,-0.045558,0.069484,0.057551,-0.016039,0.020217,-0.014093,0.029263,-0.033139,0.071405,0.055742
11,0.020279,0.050368,-0.040182,0.066555,0.023631,0.071826,-0.008521,-0.041246,-0.050788,0.002384,0.036521,0.042205,-0.026913,-0.024552,0.042846,0.062217,0.008831,-0.048802,0.027018,0.014498,-0.046096,0.071013,0.059467,-0.017695,0.017811,-0.012513,0.031641,-0.034505,0.070774,0.053333
11,0.017733,0.053232,-0.041236,0.064852,0.025759,0.072211,-0.010279,-0.039819,-0.050534,0.004268,0.033987,0.044535,-0.028368,-0.022984,0.039963,0.059908,0.006857,-0.048024,0.029662,0.016435,-0.04661,0.072224,0.061293,-0.019315,0.015408,-0.010904,0.034019,-0.035832,0.06988,0.050912
11,0.015244,0.056013,-0.042244,0.062917,0.027857,0.07234,-0.011972,-0.038358,-0.05023,0.006176,0.031464,0.046819,-0.029764,-0.021363,0.036986,0.057482,0.004939,-0.047198,0.032315,0.018367,-0.0471,0.073075,0.063005,-0.020869,0.012998,-0.009257,0.036381,-0.0371,0.06873,0.048436
11.1,0.012774,0.058737,-0.043215,0.060747,0.029945,0.072206,-0.013632,-0.036829,-0.049868,0.008135,0.028934,0.049064,-0.031135,-0.01966,0.034033,0.054937,0.003059,-0.046311,0.034995,0.020309,-0.047552,0.073554,0.064591,-0.022395,0.010564,-0.007538,0.038739,-0.038314,0.067337,0.045774
11.1,0.010357,0.061376,-0.044156,0.058416,0.032009,0.071811,-0.015245,-0.035268,-0.049468,0.010126,0.02643,0.051256,-0.032457,-0.017906,0.031196,0.052319,0.001229,-0.045389,0.037682,0.022251,-0.047986,0.073648,0.066021,-0.023871,0.008099,-0.005779,0.041083,-0.039487,0.065737,0.04297
11.1,0.007989,0.063879,-0.045056,0.055965,0.034063,0.071169,-0.016803,-0.033673,-0.04904,0.01214,0.023949,0.053409,-0.033743,-0.016107,0.028472,0.049634,-0.000555,-0.044441,0.04037,0.024206,-0.04839,0.073355,0.067274,-0.025308,0.005629,-0.003986,0.043416,-0.040614,0.063956,0.040122
11.1,0.005705,0.066224,-0.045911,0.053454,0.036103,0.070291,-0.018317,-0.03204,-0.048557,0.014185,0.021504,0.055526,-0.034988,-0.01425,0.025845,0.046894,-0.002293,-0.043448,0.043051,0.026169,-0.048753,0.072687,0.06833,-0.026695,0.003194,-0.002151,0.04573,-0.04169,0.062005,0.037367
11.1,0.003512,0.068387,-0.04671,0.050901,0.038109,0.069196,-0.019766,-0.030364,-0.048033,0.016266,0.019107,0.05758,-0.036185,-0.012335,0.02333,0.044123,-0.003971,-0.042413,0.045722,0.028117,-0.049079,0.071698,0.069164,-0.028033,0.000821,-0.00026,0.048008,-0.042707,0.059902,0.034746
11.1,0.001369,0.070392,-0.047476,0.048283,0.040101,0.067864,-0.021178,-0.02863,-0.047461,0.018396,0.016736,0.05957,-0.037346,-0.010355,0.020873,0.041291,-0.005608,-0.041326,0.048416,0.030066,-0.049364,0.070403,0.069762,-0.029331,-0.001472,0.001687,0.050268,-0.043683,0.057636,0.032209
11.1,-0.000729,0.072193,-0.048196,0.045571,0.042081,0.066316,-0.022535,-0.026855,-0.046843,0.02055,0.0144,0.061472,-0.03847,-0.008326,0.018496,0.03842,-0.007214,-0.040195,0.051086,0.032015,-0.049611,0.068808,0.070126,-0.030586,-0.003668,0.003672,0.052506,-0.044612,0.055236,0.029694
11.1,-0.002774,0.073752,-0.048852,4.28E-02,0.044039,0.064561,-0.023848,-0.025049,-0.046195,0.022724,0.012107,0.063262,-0.039551,-0.006258,0.016162,0.035551,-0.008766,-0.039022,0.053702,0.033951,-0.04983,0.066963,0.070251,-0.031801,-0.005725,0.00569,0.054709,-0.045485,0.052737,0.027176
11.1,-0.004757,0.075064,-0.049464,0.039994,0.045968,0.062625,-0.025103,-0.023203,-0.0455,0.024925,0.009868,0.064913,-0.040584,-0.004145,0.013874,0.032711,-0.01027,-0.037805,0.056249,0.035867,-0.05002,0.064927,0.070145,-0.032967,-0.00762,0.007746,0.056862,-0.046306,0.050173,0.024657
11.1,-0.006659,0.076106,-0.050018,0.037273,0.047861,0.060529,-0.026302,-0.021311,-0.04476,0.027166,0.007679,0.06642,-0.041568,-0.001977,0.011658,0.029908,-0.011722,-0.036539,0.058706,0.037756,-0.050171,0.062735,0.06981,-0.034092,-0.009362,0.009848,0.058955,-0.047067,0.047557,0.022171
11.1,-0.008493,0.076866,-0.05053,0.034602,0.049742,0.058268,-0.027463,-0.019357,-0.043977,0.029445,0.005509,0.067779,-0.04251,0.000253,0.009478,0.02712,-0.013156,-0.035212,0.061076,0.039639,-0.050285,0.060379,0.069237,-0.03518,-0.011029,0.012009,0.060998,-0.047778,0.044867,0.019715
11.1,-0.010265,0.077331,-0.051008,0.032015,0.051575,0.055892,-0.028574,-0.017389,-0.043167,0.031721,0.003392,0.068962,-0.043397,0.002503,0.007321,0.024397,-0.014536,-0.033849,0.063306,0.041493,-0.050362,0.057891,0.06842,-0.03622,-0.012679,0.014188,0.06295,-0.048444,0.042168,0.017329
11.2,-0.011989,0.077442,-0.051431,0.029458,0.053364,0.053426,-0.029636,-0.015401,-0.042317,0.03401,0.001327,0.069958,-0.044232,0.004781,0.005156,0.021735,-0.015876,-0.032454,0.065406,0.04332,-0.050399,0.055289,0.067366,-0.037219,-0.014348,0.016394,0.064806,-0.049055,0.039458,0.014969
11.2,-0.013667,0.077134,-0.051799,0.0269,0.055109,0.050862,-0.030649,-0.013371,-0.041417,0.036315,-0.000696,0.07075,-0.045007,0.007106,0.003002,0.01913,-0.017181,-0.030999,0.067377,0.045126,-0.050382,0.052571,0.066081,-0.038172,-0.016001,0.018636,0.066562,-0.049605,0.03673,0.012646
11.2,-0.015302,0.076403,-0.052102,0.024377,0.056802,0.048229,-0.031615,-0.011314,-0.040468,0.038634,-0.002682,0.071313,-0.04573,0.009465,0.000874,0.016574,-0.018448,-0.02949,0.069204,0.046897,-0.05031,0.049768,0.064594,-0.039076,-0.017628,0.020917,0.068198,-0.050112,0.033996,0.010358
11.2,-0.016898,0.075296,-0.052328,0.021885,0.05845,0.045532,-0.032537,-0.009228,-0.039494,0.04096,-0.004626,0.071616,-0.046414,0.011854,-0.001225,0.014078,-0.019684,-0.027944,0.070857,0.048641,-0.050196,4.69E-02,0.062931,-0.039929,-0.019257,0.023237,0.069699,-0.050558,0.03127,0.0081
11.2,-0.018481,0.073865,-0.052478,0.019421,0.060053,0.042775,-0.033422,-0.007113,-0.038479,0.043285,-0.006534,0.071657,-0.047058,0.014286,-0.003318,0.011632,-0.020898,-0.026348,0.072338,0.050366,-0.050022,0.043966,0.061104,-0.040737,-0.020881,0.025588,0.071063,-0.050962,0.028543,0.005853
11.2,-0.020032,0.072189,-0.052539,0.017026,0.061589,0.040022,-0.034256,-0.005002,-0.037435,0.045553,-0.008379,0.071448,-0.047638,0.0167,-0.005357,0.009276,-0.022073,-0.024721,0.073615,0.052038,-0.049784,0.041045,0.05915,-0.041488,-0.022479,0.027928,0.072255,-0.051307,0.02587,0.00368
11.2,-0.021552,0.070261,-0.052544,0.014696,0.06307,0.037236,-0.035043,-0.002863,-0.036355,0.047805,-0.010183,0.070998,-0.048192,0.019152,-0.007344,0.006968,-0.023217,-0.023052,0.074696,0.053678,-0.049496,0.038127,0.057037,-0.042193,-0.024055,0.030308,0.073275,-0.051601,0.023221,0.001565
11.2,-0.023062,0.068093,-0.052505,0.012437,0.064485,0.034434,-0.035794,-0.000691,-0.03524,0.050048,-0.011949,0.070336,-0.048693,0.021639,-0.009284,0.004711,-0.024345,-0.021328,0.07552,0.05528,-0.049154,0.035237,0.054779,-0.042842,-0.02559,0.032721,0.074113,-0.051853,0.020596,-0.000485
11.2,-0.024526,0.065728,-0.052412,0.010251,0.065801,0.031666,-0.03651,0.001482,-0.034086,0.052224,-0.013661,0.069487,-0.049145,0.024125,-0.01116,0.002535,-0.025446,-0.019569,0.075987,0.056813,-0.048725,0.032397,0.052424,-0.043448,-0.027077,0.03513,0.074751,-0.052047,0.018039,-0.002456
11.2,-0.025978,0.063176,-0.052274,0.008107,0.067012,0.028904,-0.037189,0.003671,-0.032887,0.054333,-0.015325,0.068443,-0.049528,0.02662,-0.012983,0.00042,-0.026522,-0.017771,0.076061,0.058294,-0.048233,0.029581,0.049952,-0.044004,-0.028509,0.037543,0.075192,-0.052175,0.015527,-0.004369
11.2,-0.027394,0.060491,-0.052086,0.006019,0.068084,0.026178,-0.037821,0.005853,-0.031662,0.056358,-0.016925,0.067215,-0.049862,0.029108,-0.014742,-0.001622,-0.02757,-0.015956,0.075758,0.059695,-0.047672,0.026834,0.047413,-0.044508,-0.029884,0.039943,0.075422,-0.052251,0.013079,-0.006208
11.2,-0.028763,0.057699,-0.051837,0.003987,0.069,0.023484,-0.038437,0.008051,-0.030394,0.058296,-0.018474,0.0658,-0.050151,0.031598,-0.016421,-0.003596,-0.028604,-0.014104,0.075147,0.06102,-0.047054,0.024177,0.044817,-0.044983,-0.031187,0.042339,0.075435,-0.052285,0.01069,-0.007964
11.2,-0.030094,0.054784,-0.051526,0.001982,0.069763,0.020793,-0.039027,0.010284,-0.02906,0.060151,-0.019991,0.064184,-0.050379,0.034118,-0.018019,-0.005528,-0.029627,-0.012191,0.074265,0.062273,-0.046351,0.021558,0.042153,-0.045412,-0.032405,0.044739,0.07522,-0.052264,0.008337,-0.009663
11.3,-0.031351,0.051792,-0.051146,2.80E-05,0.070367,0.018158,-0.039567,0.012505,-0.027679,0.061866,-0.021439,0.062399,-0.050548,0.03661,-0.019513,-0.00738,-0.030615,-0.010255,0.073133,0.063432,-0.045582,0.019003,0.039467,-0.045782,-0.033543,0.047094,0.074778,-0.052187,0.006054,-0.011305
11.3,-0.032536,0.048718,-0.050691,-0.001877,0.070819,0.015578,-0.040087,0.014713,-0.026268,0.063439,-0.022822,0.060477,-0.050676,0.03907,-0.020911,-0.009154,-0.031575,-0.008303,0.071728,0.064503,-0.044756,0.016503,0.036775,-0.046119,-0.034604,0.049384,0.074125,-0.052061,0.003844,-0.01288
11.3,-0.033653,0.045539,-0.050186,-0.003745,0.071126,0.013025,-0.040584,0.016937,-0.024792,0.064875,-0.024171,0.058413,-0.050767,0.041519,-0.022235,-0.010872,-0.032527,-0.00631,0.070035,0.065487,-0.043862,0.01403,0.034059,-0.046418,-0.0356,0.051638,0.07324,-0.051879,0.001681,-0.014413
11.3,-0.034683,0.04231,-0.0496,-0.005546,0.071257,0.010526,-0.041058,0.01916,-0.023271,0.066153,-0.02546,0.056236,-0.050797,0.043932,-0.023461,-0.012529,-0.033453,-0.004292,0.068089,0.066355,-0.042901,0.011624,0.031345,-0.04667,-0.036531,0.053841,0.072125,-0.051636,-0.000421,-0.015875
11.3,-0.035632,0.039032,-0.048948,-0.007293,0.071201,0.008071,-0.041496,0.021397,-0.021676,0.067235,-0.026702,0.053946,-0.050769,0.046328,-0.024616,-0.014135,-0.034355,-0.002229,0.065892,0.0671,-0.041859,0.009271,0.028629,-0.046877,-0.037419,0.05601,0.070779,-0.051328,-0.002472,-0.017284
11.3,-0.036497,0.035783,-0.048246,-0.008962,0.070949,0.005699,-0.041914,0.023607,-0.020047,0.06808,-0.027883,0.051602,-0.050696,0.048657,-0.025695,-0.015655,-0.035226,-0.000161,0.063503,0.067709,-0.040762,0.006995,0.025971,-0.047045,-0.038277,0.058098,0.069249,-0.050963,-0.00444,-0.018622
11.3,-0.0373,0.032536,-0.047476,-0.010589,0.070488,0.003367,-0.042318,0.025822,-0.018353,0.068702,-0.029027,0.049163,-0.050573,0.050964,-0.026719,-0.017143,-0.036081,0.001943,0.06089,0.068181,-0.039598,0.004754,0.023325,-0.047173,-0.039132,0.060118,0.067513,-0.050544,-0.006368,-0.019926
11.3,-0.038028,0.029376,-0.046653,-0.012151,0.069806,0.001114,-0.042697,0.028008,-0.016619,0.06911,-0.03011,0.046678,-0.0504,0.053213,-0.027668,-0.018554,-0.036899,0.004045,0.058153,0.068477,-0.038377,0.002603,0.020738,-0.047259,-0.039962,0.062008,0.06562,-0.050072,-0.008223,-0.021162
11.3,-0.038714,0.026268,-0.04576,-0.01366,0.068898,-0.001093,-0.043066,0.030207,-0.014812,0.069309,-0.031147,0.044123,-0.050167,0.05545,-0.02857,-0.019923,-0.037699,0.006191,0.055287,0.068582,-0.03707,0.000502,0.018186,-0.047307,-0.040793,0.063787,0.06355,-0.049525,-0.010026,-0.022342
11.3,-0.039383,0.023227,-0.044804,-0.015146,0.067778,-0.003236,-0.043405,0.032402,-0.012942,0.069259,-0.03213,0.041519,-0.049859,0.057658,-0.029431,-0.021244,-0.038468,0.008361,0.052335,0.068484,-0.035682,-0.001544,0.015681,-0.047315,-0.041612,0.065434,0.061326,-0.048922,-0.011775,-0.023473
11.3,-0.040035,0.020279,-0.043796,-0.016566,0.066477,-0.005292,-0.043725,0.034548,-0.011038,0.06891,-0.033049,0.038905,-0.049504,0.059791,-0.030254,-0.022493,-0.039201,0.010517,0.04934,0.068184,-0.034243,-0.003521,0.013261,-0.047293,-0.042403,0.066902,0.058982,-0.048259,-0.013455,-0.024547
11.3,-0.040679,0.017369,-0.042723,-0.017973,0.064986,-0.007296,-0.044034,0.036678,-0.009071,0.068244,-0.033916,0.036255,-0.049096,0.061861,-0.031059,-0.0237,-0.039897,0.012692,0.046251,0.067676,-0.032714,-0.005473,0.01088,-0.047241,-0.043164,0.068221,0.056497,-0.047522,-0.015095,-0.025591
11.4,-0.041318,0.014535,-0.04159,-0.019331,0.063333,-0.009223,-0.044318,0.038775,-0.007057,0.067282,-0.034726,0.033596,-0.048624,0.063838,-0.031835,-0.024851,-0.040555,0.014865,0.0431,0.066978,-0.031123,-0.007379,0.008577,-0.047157,-0.043854,0.069382,0.053905,-0.046726,-0.016669,-0.026597
11.4,-0.041936,0.011765,-0.040378,-0.020637,0.061514,-0.011084,-0.044579,0.040851,-0.004976,0.066056,-0.035483,0.030925,-0.048106,0.065718,-0.032592,-0.025956,-0.04118,0.01706,0.039883,0.0661,-0.029434,-0.009245,0.006333,-0.04703,-0.044472,0.070378,0.051217,-0.045851,-0.018206,-0.02757
11.4,-0.042533,0.009063,-0.039095,-0.021897,0.059543,-0.012873,-0.044819,0.042895,-0.002838,0.064601,-0.036189,0.028257,-0.047527,0.067484,-0.033329,-0.027011,-0.041756,0.01926,0.036619,0.065054,-0.027665,-0.011069,0.004151,-0.046862,-0.044992,0.071163,0.04845,-0.044904,-0.019687,-0.02851
11.4,-0.043123,0.006421,-0.037747,-0.023112,0.057439,-0.014583,-0.045045,0.044877,-0.000664,0.062947,-0.036833,0.025608,-0.046914,0.069108,-0.034053,-0.028016,-0.042301,0.021443,0.03333,0.063857,-0.025833,-0.012847,0.002045,-0.046672,-0.045418,0.071686,0.045638,-0.043906,-0.021119,-0.029417
11.4,-0.043699,0.003827,-0.036335,-0.024276,0.055203,-0.016219,-0.045254,0.046799,0.001546,0.061109,-0.037434,0.022979,-0.046258,0.07058,-0.034767,-0.028974,-0.042807,0.023607,0.030028,0.062512,-0.023931,-0.014577,1.00E-05,-0.046455,-0.045788,0.071926,0.042787,-0.042842,-0.022489,-0.030287
11.4,-0.044273,0.001309,-0.034846,-0.025395,0.052842,-0.017776,-0.04543,0.048666,0.003798,0.059099,-0.037989,0.020373,-0.045542,0.071896,-0.035472,-0.029894,-0.043275,0.025759,0.02675,0.061008,-0.021956,-0.016247,-0.00196,-0.046205,-0.046138,0.071888,0.039904,-0.041716,-0.02381,-0.031116
11.4,-0.044802,-0.001139,-0.033292,-0.026463,0.050381,-0.019261,-0.045585,0.050478,0.006096,0.056928,-0.038498,0.017792,-0.044779,0.073054,-0.036151,-0.030771,-0.043699,0.027898,0.02353,0.059348,-0.019912,-0.01783,-0.003862,-0.045922,-0.046462,0.071594,0.037,-0.040531,-0.025072,-0.031898
11.4,-0.045282,-0.0035,-0.031658,-0.027488,0.047819,-0.020669,-0.045711,0.052235,0.008434,0.054589,-0.03897,0.01524,-0.043972,0.074043,-0.036782,-0.031613,-0.044093,0.030024,0.020359,0.057528,-0.017793,-0.019344,-0.005704,-0.045614,-0.046783,0.071061,0.034071,-0.039283,-0.026274,-0.032661
11.4,-0.045688,-0.005787,-0.029963,-0.028478,0.045199,-0.022009,-0.045805,0.053916,0.010785,0.052092,-0.0394,0.012721,-0.043113,0.074844,-0.037389,-0.032418,-0.044436,0.032108,0.017246,0.055568,-0.015622,-0.020783,-0.007483,-0.045283,-0.047094,0.070301,0.031135,-0.037972,-0.027409,-0.033416
11.4,-0.046043,-0.008012,-0.028191,-0.029453,0.042503,-0.023279,-0.045867,0.055536,0.013171,0.049442,-0.039788,0.010228,-0.042203,0.075448,-0.037972,-0.033189,-0.044742,0.034161,0.01418,0.053466,-0.013385,-0.022181,-0.009211,-0.044917,-0.04736,0.069306,0.028174,-0.036595,-0.028483,-0.034166
11.4,-0.046337,-0.01014,-0.026353,-0.030401,0.039776,-0.024472,-0.045887,0.057072,0.015557,0.046701,-0.040142,0.007779,-0.041248,0.07583,-0.038514,-0.033915,-0.045007,0.036163,0.011211,0.051268,-0.011104,-0.023501,-0.010869,-0.044525,-0.047573,0.06809,0.02523,-0.035167,-0.02949,-0.034871
11.4,-0.04659,-0.012192,-0.024426,-0.031335,0.036996,-0.025613,-0.045868,0.058538,0.017976,0.043872,-0.040453,0.005353,-0.040228,0.075992,-0.039022,-0.034615,-0.045228,0.038138,0.008314,0.048958,-0.00874,-0.024787,-0.012489,-0.044103,-0.047741,0.066643,0.02227,-0.033643,-0.030446,-0.035547
11.4,-0.046807,-0.014159,-0.02244,-0.03225,0.034205,-0.026677,-0.045808,0.0599,0.020386,0.041016,-0.040727,0.002977,-0.039169,0.075912,-0.039485,-0.035274,-0.045396,0.040054,0.005519,0.046589,-0.006344,-0.026036,-0.014047,-0.043641,-0.04788,0.064991,0.019344,-0.03207,-0.031331,-0.036191
11.5,-0.046975,-0.016062,-0.020388,-0.033156,0.031396,-0.027679,-0.045704,0.061157,0.022782,0.038118,-0.040973,0.000643,-0.038058,0.075582,-0.03993,-0.035893,-0.045516,0.041915,0.002798,0.044158,-0.003902,-0.02726,-0.015551,-0.043154,-0.048005,0.063138,0.016444,-0.030426,-0.03216,-0.036794
11.5,-0.047097,-0.017905,-0.018257,-0.034053,0.028565,-0.028631,-0.045559,0.062305,0.025179,0.035189,-0.041196,-0.001667,-0.036891,0.074992,-0.040366,-0.036486,-0.045592,0.04373,0.000161,0.041659,-0.001405,-0.028464,-0.017026,-0.042614,-0.048139,0.061092,0.01356,-0.028708,-0.032937,-0.037382
11.5,-0.047174,-0.019677,-0.016062,-0.034933,0.025745,-0.029521,-0.045368,0.06335,0.027552,0.032268,-0.041386,-0.003934,-0.035684,0.074157,-0.040774,-0.037044,-0.04562,0.04549,-0.002382,0.039123,0.00113,-0.029645,-0.018449,-0.042046,-0.048276,0.058891,0.010723,-0.026934,-0.033661,-0.037935
11.5,-0.047206,-0.021379,-0.013803,-0.035787,0.022959,-0.03035,-0.045129,0.064296,0.029894,0.029373,-0.041547,-0.00615,-0.034429,0.073089,-0.041157,-0.037556,-0.045594,0.047183,-0.00482,0.036564,0.003696,-0.030805,-0.019821,-0.041428,-0.0484,0.056562,0.007952,-0.0251,-0.034332,-0.038463
11.5,-0.047197,-0.023017,-0.011473,-0.036606,0.020202,-0.031125,-0.044825,0.06514,0.032219,0.026483,-0.041683,-0.00832,-0.033117,0.071784,-0.041509,-0.038036,-0.045515,0.048804,-0.007183,0.033977,0.006312,-0.031945,-0.021156,-0.040757,-0.048481,0.054091,0.005237,-0.023192,-0.034949,-0.038989
11.5,-0.047154,-0.024598,-0.009087,-0.03738,0.017477,-0.031839,-0.044475,0.065874,0.034501,0.023604,-0.041792,-0.010446,-0.031749,0.070262,-0.041856,-0.038472,-0.045387,0.050346,-0.009467,0.031374,0.008953,-0.033057,-0.022441,-0.040047,-0.048485,0.051499,0.00258,-0.021224,-0.035515,-0.03952
11.5,-0.047087,-0.026126,-0.006647,-0.038092,0.014796,-0.032504,-0.044079,0.066495,0.036732,0.020763,-0.041877,-0.012523,-0.03035,0.068533,-0.042187,-0.038872,-0.045213,0.051789,-0.011671,0.02876,0.011618,-0.03412,-0.023683,-0.039291,-0.048406,0.048818,-1.00E-05,-0.019208,-0.036033,-0.040055
11.5,-0.047017,-0.027568,-0.004163,-0.038718,0.012179,-0.033123,-0.043616,0.066985,0.038912,0.017984,-0.041939,-0.014544,-0.028895,0.066613,-0.042472,-0.039238,-0.044986,0.053148,-0.013783,0.02616,0.01431,-0.035114,-0.024887,-0.038479,-0.048259,0.046088,-0.00252,-0.017133,-0.036499,-0.040563
11.5,-0.046939,-0.028967,-0.001592,-0.039295,0.009599,-0.033686,-0.04309,0.067348,0.041057,0.015243,-0.04197,-0.016519,-0.027372,0.064484,-0.042737,-0.039554,-0.044698,0.054434,-0.015829,0.02355,0.017052,-0.036056,-0.02606,-0.0376,-0.048051,0.043288,-0.004975,-0.014972,-0.036915,-0.041068
11.5,-0.046836,-0.030301,0.001006,-0.039831,0.00709,-0.034199,-0.042495,0.067565,0.043116,0.012569,-0.041969,-0.018422,-0.025799,0.062177,-0.042999,-0.039825,-0.044361,0.055625,-0.01779,0.020966,0.0198,-0.03693,-0.027185,-0.036666,-0.047777,0.040463,-0.007338,-0.012764,-0.037268,-0.041545
11.5,-0.0467,-0.031574,0.003645,-0.040353,0.004639,-0.034664,-0.041841,0.067628,0.045088,0.009954,-0.041945,-0.020267,-0.024183,0.059696,-0.043255,-0.040062,-0.043978,0.05672,-0.019673,0.018403,0.022562,-0.037735,-0.028282,-0.035674,-0.047432,0.037611,-0.009624,-0.010507,-0.03757,-0.041993
11.5,-0.046551,-0.032801,0.006326,-0.040846,0.002245,-0.035109,-0.041127,0.067539,0.046975,0.007403,-0.0419,-0.02206,-0.022505,0.05707,-0.043488,-0.040263,-0.043545,0.057718,-0.021482,0.01585,0.02533,-0.038481,-0.029363,-0.034621,-0.047028,0.034739,-0.011842,-0.008198,-0.037834,-0.042382
11.6,-0.046386,-0.033978,0.009048,-0.041312,-8.90E-05,-0.035507,-0.040336,0.067293,0.048787,0.004919,-0.041826,-0.023781,-0.020771,0.054328,-0.043692,-0.040418,-0.043068,0.058619,-0.023206,0.01333,0.028097,-0.039183,-0.030415,-0.0335,-0.046585,0.031867,-0.013974,-0.005822,-0.038052,-0.042716
11.6,-0.046179,-0.035088,0.011792,-0.041738,-0.002338,-0.035869,-0.039473,0.066871,0.050509,0.002532,-0.041722,-0.025426,-0.018987,0.051508,-0.043866,-0.040524,-0.042535,0.059408,-0.024814,0.010846,0.030829,-0.039823,-0.031426,-0.03231,-0.046142,0.029026,-0.016005,-0.003406,-0.038221,-0.04302
11.6,-0.045904,-0.03614,0.014593,-0.04216,-0.004544,-0.036216,-0.038534,0.066256,0.05215,0.000195,-0.041596,-0.027026,-0.017133,0.048579,-0.04402,-0.040593,-0.041961,0.060084,-0.026347,0.008376,0.033548,-0.04043,-0.032426,-0.031038,-0.045656,0.02617,-0.017971,-0.000921,-0.038362,-0.043313
11.6,-0.0456,-0.037121,0.017412,-0.042547,-0.006684,-0.036543,-0.037541,0.065437,0.053681,-0.002077,-0.041455,-0.028562,-0.015226,0.045577,-0.044147,-0.040626,-0.041355,0.060645,-0.027785,0.005932,0.036206,-0.041,-0.033407,-0.029701,-0.045164,0.023325,-0.019852,0.001601,-0.038484,-0.043599
11.6,-0.045293,-0.038028,0.020251,-0.042905,-0.00876,-0.036854,-0.036479,0.064428,0.055107,-0.004272,-0.041284,-0.03004,-0.013264,0.042512,-0.044245,-0.040614,-0.040704,0.061103,-0.029141,0.003521,0.038796,-0.041532,-0.034362,-0.0283,-0.044658,0.020496,-0.021648,0.004164,-0.038579,-0.043865
11.6,-0.044951,-0.038857,0.023119,-0.043233,-0.010771,-0.037151,-0.035336,0.063245,0.056426,-0.006388,-0.041073,-0.031447,-0.01123,0.039398,-0.04433,-0.04055,-0.040009,0.061462,-0.030394,0.001134,0.04133,-0.042029,-0.035285,-0.026806,-0.044167,0.017691,-0.023361,0.006775,-0.038646,-0.044099
11.6,-0.044543,-0.039617,0.026011,-0.043539,-0.012723,-0.037433,-0.034115,0.061892,0.057642,-0.008437,-0.040828,-0.03279,-0.009118,0.036242,-0.044407,-0.040446,-0.03927,0.061716,-0.031571,-0.001236,0.043797,-0.042484,-0.036181,-0.025228,-0.043634,0.014908,-0.024995,0.009446,-0.038691,-0.044293
11.6,-0.044079,-0.040304,0.028883,-0.043835,-0.014604,-0.037714,-0.03283,0.06039,0.058738,-0.010408,-0.040559,-0.034066,-0.006955,0.033077,-0.044461,-0.04031,-0.038498,0.061851,-0.032673,-0.003561,0.046177,-0.042913,-0.03704,-0.023579,-0.043074,0.012173,-0.026541,0.012128,-0.038719,-0.04446
11.6,-0.043567,-0.040919,0.031748,-0.044104,-0.016425,-0.037987,-0.031472,0.058707,0.059714,-0.012327,-0.040258,-0.035265,-0.004721,0.029873,-0.04448,-0.040137,-0.037686,0.061847,-0.033717,-0.005871,0.048476,-0.043328,-0.037861,-0.021852,-0.04245,0.009448,-0.028011,0.014845,-0.038725,-0.044591
11.6,-0.043056,-0.041467,0.034554,-0.044315,-0.018168,-0.038243,-0.030054,0.056887,0.060557,-0.014168,-0.039912,-0.036372,-0.002444,0.026704,-0.044468,-0.039921,-0.036835,0.061706,-0.034688,-0.00813,0.05066,-0.04371,-0.038633,-0.020061,-0.041785,0.006781,-0.029383,0.017567,-0.038708,-0.044674
11.6,-0.042504,-0.041962,0.037353,-0.044483,-0.019867,-0.038494,-0.028535,0.054906,0.061286,-0.015959,-0.039527,-0.03742,-6.60E-05,0.023519,-0.04444,-0.039677,-0.035929,0.061432,-0.035601,-0.010374,0.05278,-0.044075,-0.039377,-0.018158,-0.041068,0.004137,-0.030692,0.020345,-0.038681,-0.04472
11.6,-0.04192,-0.042391,0.040085,-0.044607,-0.021513,-0.038742,-0.026955,0.052796,0.061883,-0.017674,-0.039114,-0.038393,0.002376,0.020373,-0.044397,-0.03941,-0.034989,0.06102,-0.036434,-0.012572,0.054793,-0.044395,-0.040078,-0.01618,-0.040314,0.001552,-0.031928,0.023127,-0.038643,-0.044736
11.6,-0.041294,-0.042768,0.042746,-0.044693,-0.023117,-0.038986,-0.025306,5.06E-02,0.062351,-0.019329,-0.03865,-0.039294,0.004864,0.017256,-0.044319,-0.039116,-0.034006,0.060468,-0.037196,-0.014724,0.056685,-0.04468,-0.040726,-0.014129,-0.039539,-0.000984,-0.033089,0.025904,-0.038596,-0.044722
11.7,-0.040625,-0.043115,0.04533,-0.044762,-0.024651,-0.039218,-0.023588,0.048195,0.062678,-0.020922,-0.038158,-0.040115,0.007413,0.014181,-0.044193,-0.038792,-0.032987,0.059775,-0.037884,-0.016801,0.058438,-0.044931,-0.041327,-0.012002,-0.038756,-0.003465,-0.034165,0.028671,-0.038542,-0.044686
11.7,-0.039924,-0.043408,0.047846,-0.044822,-0.026163,-0.03944,-0.021796,0.045711,0.062891,-0.022466,-0.03761,-0.040862,0.010023,0.011135,-0.044021,-0.038451,-0.031919,0.058955,-0.038508,-0.018827,0.060062,-0.045136,-0.041878,-0.00979,-0.037958,-0.005907,-0.035177,0.031445,-0.038483,-0.044631
11.7,-0.039179,-0.043648,0.050299,-0.044858,-0.027652,-0.039654,-0.019921,0.04312,0.062991,-0.023948,-0.037018,-0.041554,0.012709,0.00813,-0.043815,-0.038088,-0.030799,0.058002,-0.039056,-0.020815,0.061548,-0.045278,-0.042387,-0.007484,-0.037116,-0.008298,-0.03614,0.034228,-0.038419,-0.04454
11.7,-0.038365,-0.043841,0.052632,-0.044863,-0.029111,-0.03986,-0.017977,0.040451,0.062975,-0.025358,-0.036382,-0.042176,0.015444,0.005197,-0.043569,-0.037706,-0.029637,0.056916,-0.039517,-0.022731,0.062876,-0.04538,-0.042844,-0.005107,-0.036194,-0.010612,-0.037038,0.036986,-0.038355,-0.044397
11.7,-0.037489,-0.043991,0.054828,-0.044837,-0.03052,-0.040046,-0.015971,0.037709,0.062839,-0.026727,-0.035706,-0.042708,0.018209,0.002319,-0.043261,-0.037314,-0.028436,0.055697,-0.039927,-0.024578,0.06405,-0.045441,-0.043245,-0.002653,-0.035185,-0.012879,-0.037868,0.039711,-0.038287,-0.044197
11.7,-0.036551,-0.044081,0.05689,-0.044791,-0.031905,-0.040205,-0.013884,0.034894,0.062583,-0.028065,-0.034977,-0.043177,0.021016,-0.000521,-0.042873,-0.036895,-0.027179,0.054338,-0.040285,-0.02637,0.065074,-0.045462,-0.043583,-0.000122,-0.034087,-0.01511,-0.038644,0.042411,-0.038212,-0.043943
11.7,-0.035565,-0.0441,0.058798,-0.044706,-0.033259,-0.040338,-0.011731,0.03206,0.062207,-0.029336,-0.034202,-0.043572,0.023844,-0.003282,-0.042422,-0.036467,-0.025863,0.052855,-0.040578,-0.028107,0.065946,-0.045438,-0.043872,0.002489,-0.032918,-0.017263,-0.039374,0.045046,-0.038137,-0.043643
11.7,-0.034519,-0.044062,0.060571,-0.044561,-0.03458,-0.040451,-0.009504,0.029206,0.061716,-0.03056,-0.033377,-0.043914,0.02671,-0.005977,-0.041911,-0.036035,-0.024497,0.05127,-0.040817,-0.029794,0.066675,-0.045372,-0.044114,0.005183,-0.031674,-0.01936,-0.040063,0.047615,-0.038061,-0.043286
11.7,-0.033419,-0.043984,0.062183,-0.044362,-0.035852,-0.040532,-0.007225,0.026369,0.061118,-0.031732,-0.032505,-0.044186,0.029566,-0.008583,-0.041356,-0.035588,-0.023086,0.049587,-0.041015,-0.031412,0.067245,-0.045262,-0.044284,0.00793,-0.030376,-0.021379,-0.040693,0.05006,-0.037975,-0.042871
11.7,-0.032249,-0.043871,0.063645,-0.044118,-0.037089,-0.040579,-0.004856,0.023506,0.060387,-0.03287,-0.031572,-0.04439,0.032434,-0.011149,-0.04075,-0.035131,-0.021597,0.047778,-0.041184,-0.032977,0.067646,-0.0451,-0.04439,0.010764,-0.029013,-0.023348,-0.04129,0.052383,-0.037872,-0.042424
11.7,-0.031021,-0.043734,0.064943,-0.043831,-0.038271,-0.040602,-0.00245,0.020664,0.059542,-0.033967,-0.030602,-0.044544,0.035271,-0.013622,-0.04012,-0.03466,-0.020076,0.045879,-0.041317,-0.034471,0.067881,-0.044887,-0.044438,0.013641,-0.027605,-0.025242,-0.041845,0.054544,-0.037757,-0.041962
11.7,-0.029728,-0.043575,0.06609,-0.043503,-0.039411,-0.040601,2.60E-05,0.017835,0.058582,-0.035031,-0.029588,-0.044658,0.038106,-0.016029,-0.039444,-0.034194,-0.018489,0.043884,-0.041418,-0.03591,0.067964,-0.04463,-0.044436,0.016588,-0.026158,-0.027069,-0.042376,0.056571,-0.037632,-0.041469
11.8,-0.0284,-0.043386,0.067075,-0.043128,-0.040506,-0.040562,0.002572,0.015032,0.057511,-0.036059,-0.028519,-0.044732,0.040922,-0.018353,-0.038738,-0.033701,-0.016837,0.041803,-0.041482,-0.037287,0.0679,-0.044324,-0.044376,0.019599,-0.024659,-0.028828,-0.042882,0.058476,-0.03748,-0.040942
11.8,-0.027045,-0.043179,0.067882,-0.042694,-0.041532,-0.040474,0.005166,0.012269,0.056328,-0.03706,-0.027406,-0.044751,0.043683,-0.020585,-0.037998,-0.0332,-0.015135,0.039651,-0.041513,-0.038567,0.067698,-0.043967,-0.044253,0.022642,-0.023147,-0.030526,-0.043356,0.060254,-0.037297,-0.040379
11.8,-0.025626,-0.042944,0.06852,-0.042224,-0.042501,-0.040342,0.007826,0.009512,0.055012,-0.038042,-0.026242,-0.044721,0.046402,-0.022755,-0.037196,-0.032676,-0.013353,0.037404,-0.041524,-0.039772,0.067361,-0.043567,-0.044074,0.02574,-0.02156,-0.032194,-0.043807,0.061922,-0.037084,-0.039768
11.8,-0.024177,-0.042675,0.068979,-0.041691,-0.043426,-0.040172,0.010529,0.006803,0.053586,-0.038982,-0.025043,-0.044659,0.04903,-0.024825,-0.03633,-0.032154,-0.011524,0.035098,-0.041515,-0.040912,0.066897,-0.043137,-0.043848,0.028841,-0.019941,-0.03379,-0.04426,0.06346,-0.036844,-0.039115
11.8,-0.022664,-0.042373,0.069277,-0.041112,-0.044305,-0.039954,0.0133,0.004133,0.052046,-0.039883,-0.023793,-0.044564,0.051586,-0.026807,-0.035409,-0.031607,-0.00962,0.032727,-0.041485,-0.041989,0.066322,-0.04265,-0.043582,0.031973,-0.018268,-0.035339,-0.044695,0.064856,-0.036578,-0.038394
11.8,-0.021098,-0.042048,0.069412,-0.040474,-0.045117,-0.039677,0.016127,0.001513,0.050408,-0.04074,-0.022494,-0.044427,0.054037,-0.028692,-0.034428,-0.031037,-0.007642,0.030327,-0.041455,-0.042988,0.06563,-0.042142,-0.043261,0.035098,-0.016525,-0.036819,-0.045107,0.066079,-0.036269,-0.037615
11.8,-0.019458,-0.041682,0.069381,-0.03979,-0.045851,-0.039348,0.018982,-0.001041,0.048683,-0.041552,-0.021159,-0.044264,0.056342,-0.030476,-0.033376,-0.030437,-0.005606,0.027912,-0.041422,-0.043906,0.064823,-0.041579,-0.042886,0.038175,-0.014724,-0.038224,-0.045477,0.067082,-0.035912,-0.036775
11.8,-0.017742,-0.041274,0.06919,-0.039063,-0.046526,-0.038972,0.02189,-0.00355,0.046857,-0.042316,-0.019777,-0.044083,0.058505,-0.032178,-0.032246,-0.029818,-0.003501,0.025472,-0.041375,-0.044759,0.063892,-0.040981,-0.042472,0.041228,-0.012848,-0.03954,-0.045823,0.067862,-0.035522,-0.035879
11.8,-0.015952,-0.040823,0.068846,-0.038284,-0.047145,-0.038546,0.024833,-0.005999,0.044953,-0.043033,-0.018366,-0.043887,0.060506,-0.033783,-0.031044,-0.02918,-0.001337,0.023024,-0.041323,-0.045551,0.06284,-0.040347,-0.042018,0.044243,-0.010899,-0.040777,-0.046146,0.068427,-0.035095,-0.034931
11.8,-0.014081,-0.040341,0.068376,-0.037455,-0.047682,-0.038065,0.027815,-0.008379,0.04298,-0.043716,-0.016906,-0.043675,0.062335,-0.035318,-0.029776,-0.028498,0.000901,0.020588,-0.041258,-0.046269,0.061679,-0.039675,-0.041513,0.047232,-0.008874,-0.041941,-0.046423,0.06879,-0.03461,-0.033935
11.8,-0.012121,-0.039808,0.067776,-0.036579,-0.048158,-0.037518,0.030837,-0.010698,0.040937,-0.04436,-0.015399,-0.04344,0.063987,-0.036773,-0.028459,-0.027777,0.003222,0.018152,-0.041172,-0.046905,0.060411,-0.038974,-0.040959,0.050207,-0.006771,-0.043025,-0.046661,0.068986,-0.034074,-0.03289
11.8,-0.010061,-0.039244,0.067043,-0.035654,-0.048559,-0.036918,0.033888,-0.012955,0.038826,-0.04496,-0.013843,-0.043194,0.06545,-0.038166,-0.027089,-0.027019,0.005613,0.015721,-0.041057,-0.047472,0.059028,-0.038237,-0.040361,0.053147,-0.004577,-0.04404,-0.046866,0.069012,-0.033479,-0.031793
11.8,-0.007926,-0.038658,0.06618,-0.034683,-0.048897,-0.036275,0.036914,-0.015125,0.036679,-0.045509,-0.012275,-0.04293,0.066695,-0.039467,-0.025665,-0.026234,0.008042,0.013327,-0.040922,-0.047966,0.057555,-0.03747,-0.039734,0.055978,-0.002317,-0.044968,-0.047038,0.068877,-0.032845,-0.030648
11.9,-0.005687,-0.038058,0.065173,-0.033635,-0.049179,-0.035572,0.039964,-0.017248,0.034461,-0.046013,-0.010648,-0.042656,0.067751,-0.04072,-0.024186,-0.025395,0.010559,0.010918,-0.040766,-0.048394,0.055972,-0.036666,-0.039074,0.058711,5.50E-05,-0.04583,-0.04717,0.06859,-0.032158,-0.029431
11.9,-0.003403,-0.037459,0.064052,-0.03253,-0.049388,-0.034816,0.042962,-0.019272,0.032228,-0.046461,-0.008994,-0.042368,0.068599,-0.04189,-0.022657,-0.024506,0.013115,0.008567,-0.040601,-0.048742,0.054329,-0.03585,-0.038383,0.06125,0.002475,-0.04661,-0.047252,0.068154,-0.031404,-0.028162
11.9,-0.001016,-0.036864,0.062797,-0.031342,-0.049532,-0.033993,0.045967,-0.021242,0.029936,-0.046866,-0.007278,-0.042053,0.069259,-0.042994,-0.021062,-0.023554,0.015758,0.006221,-0.040419,-0.049022,0.05259,-0.034991,-0.037647,0.063627,0.004998,-0.047326,-0.047277,0.067561,-0.03058,-0.026793
11.9,0.001434,-0.036276,0.061442,-0.030091,-0.049617,-0.033135,0.048908,-0.023125,0.027636,-0.047219,-0.005534,-0.041728,0.069711,-0.044011,-0.0194,-0.022559,0.018438,0.00392,-0.04023,-0.049232,0.05079,-0.034099,-0.036905,0.065791,0.007577,-0.047965,-0.047254,0.066823,-0.029709,-0.025363
11.9,0.00395,-0.035674,0.059973,-0.028764,-0.049645,-0.032222,0.051805,-0.024937,0.025301,-0.047527,-0.003747,-0.041394,0.069965,-0.044952,-0.017661,-0.021506,0.021166,0.001649,-0.040035,-0.049379,0.048916,-0.033163,-0.036146,0.06776,0.010215,-0.048548,-0.047183,0.065946,-0.028777,-0.023849
11.9,0.006518,-0.035082,0.058426,-0.027398,-0.049606,-0.031261,0.054634,-0.026672,0.022955,-0.047787,-0.001926,-0.041041,0.070025,-0.045815,-0.01586,-0.020394,0.023921,-0.000573,-0.039836,-0.049462,0.046988,-0.03219,-0.035361,0.069521,0.012872,-0.049071,-0.047049,0.064944,-0.027783,-0.022281
11.9,0.009154,-0.034473,0.056789,-0.025967,-0.049494,-0.030246,0.057434,-0.028343,0.020584,-0.047997,-4.40E-05,-0.040659,0.069905,-0.046595,-0.013965,-0.019212,0.026743,-0.002767,-0.039637,-0.049473,0.044989,-0.031163,-0.034557,0.071094,0.015581,-0.049521,-0.046849,0.063819,-0.02672,-0.020624
11.9,0.011828,-0.033852,0.055095,-0.024486,-0.049318,-0.029186,0.060167,-0.029928,0.018217,-0.048154,0.001887,-0.040266,0.069617,-0.047297,-0.011982,-0.017959,0.029603,-0.004904,-0.039427,-0.049418,0.04294,-0.030081,-0.033743,0.07246,0.018292,-0.049907,-0.04659,0.062586,-0.025594,-0.018904
11.9,0.014541,-0.033224,0.053339,-0.02297,-0.049085,-0.02808,0.062802,-0.031432,0.015847,-0.04825,0.003859,-0.039846,0.069166,-0.047916,-0.00991,-0.016643,0.03248,-0.006989,-0.039208,-0.049306,0.040843,-0.02895,-0.032921,0.073608,0.020993,-0.050222,-0.046273,0.061252,-0.024408,-0.017125
11.9,0.017271,-0.032586,0.051515,-0.021419,-0.048788,-0.026933,0.065313,-0.03286,0.013483,-0.048293,0.005876,-0.039403,0.068549,-0.048462,-0.007751,-0.015267,0.035377,-0.009025,-0.038977,-0.049132,0.038697,-0.027779,-0.032091,0.074528,0.023698,-0.050464,-0.045885,0.059814,-0.023166,-0.015282
11.9,0.020009,-0.031946,0.049628,-0.019835,-0.048437,-0.025741,0.067645,-0.034216,0.011121,-0.048281,0.007946,-0.038929,0.067773,-0.04894,-0.005507,-0.013814,0.038298,-0.011011,-0.038728,-0.048893,0.036509,-0.026564,-3.12E-02,0.075209,0.026427,-0.050644,-0.045431,0.058294,-0.021853,-0.013382
11.9,0.02276,-0.031294,0.047685,-0.018209,-0.048029,-0.024506,0.069753,-0.035481,0.008768,-0.048201,0.010075,-0.038415,0.066853,-0.049346,-0.003173,-0.012291,0.041248,-0.012942,-0.038455,-0.04861,0.034283,-0.025301,-0.030377,0.075647,0.029186,-0.050752,-0.04491,0.056691,-0.020479,-0.011415
12,0.025518,-0.030629,0.045691,-0.016531,-0.047568,-0.023228,0.071589,-0.036665,0.006438,-0.048051,0.012263,-0.037867,0.065799,-0.049677,-0.000753,-0.010684,0.044212,-0.014815,-0.03816,-0.048305,0.032027,-0.023998,-0.029496,0.075838,0.031959,-0.050793,-0.044339,0.055021,-0.01904,-0.009391
12,0.028271,-0.029969,0.043652,-0.014816,-0.047059,-0.021907,0.073144,-0.037778,0.004124,-0.047847,0.014497,-0.037277,0.064619,-0.049959,0.001721,-0.009013,0.047158,-0.016636,-0.037833,-0.047971,0.029745,-0.022668,-0.0286,0.075787,0.034708,-0.050777,-0.043708,0.05329,-0.017538,-0.007312
12,0.031016,-0.029301,0.041569,-0.013057,-0.046491,-0.020558,0.07444,-0.038819,0.001832,-0.047592,0.01677,-0.036637,0.063322,-0.050189,0.004256,-0.007278,0.050057,-0.018404,-0.037488,-0.047614,0.027447,-0.021321,-0.02769,0.075502,0.037386,-0.050705,-0.043027,0.051497,-0.015989,-0.005174
12,0.03373,-0.028613,0.039443,-0.011236,-0.045884,-0.019173,0.075519,-0.03979,-0.000432,-0.047281,0.019105,-0.035952,0.061917,-0.050354,0.006829,-0.005461,0.052895,-0.020122,-0.037117,-0.047253,0.025125,-0.019942,-0.026761,0.074996,0.039925,-0.050569,-0.042293,0.049649,-0.014377,-0.002966
12,0.036392,-0.027906,0.037279,-0.009342,-0.045238,-0.017736,0.0764,-0.040694,-0.002673,-0.046909,0.021501,-0.035215,0.060431,-0.050466,0.009455,-0.003563,0.055654,-0.021779,-0.036704,-0.046884,0.022787,-0.018529,-0.025806,0.074296,0.042324,-0.05037,-0.041507,0.047751,-0.012697,-0.000685
12,0.03895,-0.027187,0.035103,-0.007406,-0.044544,-0.016284,0.077053,-0.041526,-0.004863,-0.046493,0.023925,-0.034424,0.058879,-0.050525,0.012073,-0.001607,0.058288,-0.023376,-0.036275,-0.046505,0.020468,-0.01711,-0.024836,0.073428,0.044575,-0.050116,-0.040675,0.045823,-0.010979,0.001634
12,0.041446,-0.026437,0.032874,-0.005397,-0.043804,-0.014778,0.077446,-0.042304,-0.007039,-0.046028,0.026412,-0.033567,0.057252,-0.050536,0.014719,0.000436,0.060821,-0.024936,-0.035809,-0.046117,0.018121,-0.015647,-0.023829,0.072394,0.046763,-0.049802,-0.039785,0.043828,-0.009193,0.004029
12,0.043816,-0.025668,0.030643,-0.003341,-0.043041,-0.013257,0.077545,-0.043016,-0.009165,-0.04551,0.028909,-0.032667,0.055568,-0.050492,0.017361,0.002531,0.063225,-0.026439,-0.035315,-0.045717,0.015788,-0.014177,-0.022807,0.071218,0.048907,-0.049444,-0.038862,0.041804,-0.007366,0.006468
12,0.046117,-0.024872,0.028386,-0.001217,-0.042241,-0.011695,0.077367,-0.043665,-0.011255,-0.04494,0.03145,-3.17E-02,0.05382,-0.050394,0.020019,0.0047,0.065521,-0.027904,-0.034772,-0.045309,0.013456,-0.012655,-0.021754,0.069897,0.051029,-0.049033,-0.037891,0.03974,-0.005487,0.008973
12,0.048352,-0.024052,0.026119,0.000967,-0.04141,-0.0101,0.076936,-0.044256,-0.013293,-0.044317,0.034015,-0.030695,0.052021,-0.050243,0.022695,0.006944,0.067689,-0.029317,-0.034198,-0.044877,0.011137,-0.01111,-0.020665,0.068449,0.053067,-0.048565,-0.036876,0.037651,-0.003554,0.011545
12,0.050534,-0.023201,0.023854,0.003192,-0.04056,-0.008466,0.076292,-0.044779,-0.015277,-0.043645,0.036595,-0.029624,0.050177,-0.050035,0.025386,0.009253,0.069701,-0.030675,-0.033573,-0.044424,0.008836,-0.009528,-0.019543,0.066881,0.054934,-0.048052,-0.035821,0.035552,-0.001576,0.014162
12,0.052637,-0.02231,0.021581,0.005474,-0.039685,-0.006794,0.075443,-0.045266,-0.017233,-0.042927,0.0392,-0.028493,0.048273,-0.049775,0.028131,0.011628,0.071548,-0.032009,-0.032907,-0.043937,0.006542,-0.007907,-0.018379,0.065196,0.056613,-0.047478,-0.034721,0.033427,0.000453,0.016854
12,0.054545,-0.021391,0.019321,0.007785,-0.038806,-0.005103,0.074404,-0.045684,-0.019123,-0.04217,0.041797,-0.027318,0.046331,-0.049473,0.030928,0.01405,0.073172,-0.033283,-0.032201,-0.043433,0.004278,-0.006259,-0.017186,0.06341,0.05809,-0.046863,-0.033594,0.031303,0.002513,0.019614
12.1,0.056233,-0.020436,0.017067,0.010142,-0.037918,-0.00337,0.07318,-0.046045,-0.020956,-0.041353,0.044414,-0.026091,0.044352,-0.049116,0.033808,0.016532,0.074551,-0.034503,-0.031437,-0.042905,0.002035,-0.004571,-0.015946,0.061536,0.059404,-0.046193,-0.032436,0.029178,0.004616,0.022438
12.1,0.057712,-0.019436,0.014825,0.012531,-0.037019,-0.001594,0.071781,-0.046356,-0.022742,-0.04049,0.047042,-0.024802,0.042344,-0.048698,0.036775,0.019077,0.075648,-0.035683,-0.030623,-0.042348,-0.000184,-0.002848,-0.014658,0.059589,0.060505,-0.045465,-0.031243,0.027055,0.006767,0.025312
12.1,0.059059,-0.018395,0.012608,0.014951,-0.036106,0.000223,0.070225,-0.046617,-0.024475,-0.039585,0.049652,-0.02346,0.040308,-0.048239,0.039812,0.021676,0.076433,-0.036814,-0.029766,-0.041761,-0.002366,-0.001093,-0.01332,0.057576,0.061317,-0.044698,-0.03001,0.024937,0.008965,0.028214
12.1,0.060279,-0.017319,0.010423,0.017386,-0.035193,0.002061,0.068527,-0.04683,-0.026147,-0.038634,0.05219,-0.022082,0.03826,-0.047721,0.042848,0.024302,0.076889,-0.037887,-0.028866,-0.041162,-0.004503,0.000688,-0.01194,0.055516,0.061834,-0.043891,-0.028758,0.02284,0.011185,0.031087
12.1,0.061366,-0.016182,0.008241,0.01986,-0.034272,0.003944,0.066668,-0.047001,-0.027774,-0.037624,0.054663,-0.020647,0.036174,-0.047158,0.045843,0.026986,0.077049,-0.038925,-0.027901,-0.04053,-0.006625,0.002521,-0.010506,0.053382,0.062131,-0.043035,-0.027478,0.020735,0.013452,0.033942
12.1,0.062272,-0.014996,0.006092,0.02237,-0.033344,0.005863,0.064676,-0.047124,-0.029348,-0.036576,0.057029,-0.019175,0.034081,-0.046538,0.048702,0.029704,0.076932,-0.039912,-0.02689,-0.039879,-0.008701,0.004386,-0.009024,0.051204,0.062218,-0.042147,-0.026176,0.01865,0.015751,0.036742
12.1,0.062931,-0.013771,0.003992,0.024879,-0.03241,0.007818,0.062581,-0.047198,-0.030853,-0.035494,0.05927,-0.017655,0.031996,-0.045879,0.05136,0.03244,0.076581,-0.040842,-0.025834,-0.039207,-0.01072,0.006268,-0.007485,0.049,0.062104,-0.041228,-0.024849,0.016594,0.018082,0.039468
12.1,0.063301,-0.012477,0.001896,0.027468,-0.031449,0.009835,0.060358,-0.047227,-0.032326,-0.034355,0.061425,-0.016082,0.029882,-0.045162,0.053855,0.035225,0.076003,-0.04174,-0.024707,-0.038487,-0.012724,0.00821,-0.005876,0.046735,0.061786,-0.040266,-0.023488,0.014529,0.020476,0.042187
12.1,0.063365,-0.011145,-0.000142,0.030068,-0.030486,0.011867,0.058069,-0.047218,-0.033721,-0.033189,0.063439,-0.01448,0.027789,-0.044393,0.056152,0.037979,0.075206,-0.04258,-0.023539,-0.037748,-0.014663,0.01017,-0.004231,0.04446,0.061334,-0.039284,-0.022129,0.012502,0.022876,0.044864
12.1,0.063178,-0.009741,-0.002154,0.032727,-0.0295,0.01395,0.055701,-0.047172,-0.035069,-0.031981,0.065339,-0.012837,0.025682,-0.043576,0.05826,0.040743,0.074173,-0.04338,-0.022318,-0.036977,-0.016565,0.012175,-0.002518,0.042138,0.060749,-0.038269,-0.02074,0.01048,0.025328,0.047577
12.1,0.06278,-0.008293,-0.004117,0.035415,-0.028496,0.016064,0.053313,-0.047099,-0.036348,-0.030746,0.06707,-0.011171,0.023593,-0.042723,0.060162,0.043482,0.072913,-0.044133,-0.021044,-0.036172,-0.018416,0.014208,-0.000757,0.039809,0.060039,-0.037229,-0.019351,0.008491,0.027796,0.050264
12.1,0.062158,-0.006768,-0.00605,0.038137,-0.02745,0.018236,0.050874,-0.046994,-0.037569,-0.029471,0.068597,-0.009445,0.021495,-0.041822,0.061886,0.046229,0.071411,-0.044835,-0.019702,-0.0353,-0.020228,0.016287,0.001078,0.037455,0.059155,-0.036146,-0.017929,0.006514,0.030324,0.052899
12.2,0.061339,-0.0052,-0.007927,0.040837,-0.026381,0.020436,0.048436,-0.046856,-0.03871,-0.028181,0.069831,-0.007696,0.019417,-0.040889,0.063435,0.048935,0.069684,-0.045481,-0.018321,-0.034387,-0.021967,0.018388,0.002962,0.035096,0.058085,-0.035031,-0.016501,0.004574,0.032861,0.055411
12.2,0.06036,-0.003556,-0.009767,0.043505,-0.025282,0.022673,0.045971,-0.046693,-0.039794,-0.026847,0.070757,-0.005919,0.017336,-0.039915,0.064814,0.051615,0.067745,-0.046087,-0.016873,-0.033425,-0.023658,0.020527,0.004905,0.032719,0.056814,-0.033875,-0.015066,0.002652,0.035428,0.057751
12.2,0.059273,-0.001866,-0.011557,0.046044,-0.024161,0.024928,0.043515,-0.046504,-0.040816,-0.025497,0.071369,-0.004131,0.015276,-0.038909,0.066018,0.054222,0.065644,-0.046633,-0.015383,-0.03242,-0.025292,0.022679,0.006888,0.030356,0.055403,-0.032691,-0.013626,0.000769,0.037986,0.05987
12.2,0.058069,-0.000108,-0.013317,0.048464,-0.022979,0.02724,0.041028,-0.046273,-0.041781,-0.024116,0.071702,-0.00229,0.013206,-0.037853,0.067024,0.056779,0.063385,-0.047129,-0.013828,-0.031338,-0.026865,0.024877,0.008947,0.027963,0.053816,-0.031463,-0.012161,-0.001098,0.040577,0.061789
12.2,0.056757,0.001702,-0.015009,0.050702,-0.021773,0.029567,0.038566,-0.045998,-0.042683,-0.022708,0.071788,-0.000435,0.011169,-0.03677,0.067736,0.059225,0.061045,-0.047555,-0.012235,-0.030211,-0.028362,0.027087,0.011051,0.025604,0.052109,-0.030212,-0.010683,-0.00291,0.043145,0.063504
12.2,0.055304,0.003576,-0.01666,0.052824,-0.020524,0.031924,0.036102,-0.045687,-0.043543,-0.021272,0.07165,0.001444,0.00914,-0.035648,0.068132,0.061562,0.058634,-0.047935,-0.010576,-0.029011,-0.0298,0.029332,0.013206,0.023247,0.050315,-0.028912,-0.009196,-0.004696,0.045695,0.065068
12.2,0.053704,0.005507,-0.018271,0.054882,-0.019246,0.03431,0.033631,-0.045343,-0.04435,-0.019804,0.071271,0.003348,0.00712,-0.034493,0.068214,0.063769,0.056161,-0.048256,-0.008868,-0.027758,-0.031181,0.031594,0.015414,0.020891,0.048507,-0.027579,-0.007689,-0.006454,0.04821,0.066486
12.2,0.052005,0.007492,-0.019834,0.056951,-0.017911,0.036712,0.031149,-0.044963,-0.045106,-0.01831,0.070642,0.005275,0.005102,-0.033305,0.068023,0.065842,0.05363,-0.048514,-0.007109,-0.026431,-0.032489,0.033871,0.017671,0.018541,0.046728,-0.026212,-0.006167,-0.008189,0.050677,0.067725
12.2,0.050251,0.009515,-0.021346,0.059002,-0.016543,0.039111,0.028696,-0.044549,-0.045796,-0.016793,0.069758,0.007217,0.00312,-0.032096,0.067608,0.067746,0.051083,-0.048711,-0.005304,-0.025053,-0.033739,0.036139,0.019965,0.016234,0.045011,-0.024814,-0.004623,-0.00987,0.053076,0.068684
12.2,0.048458,0.011587,-0.022802,0.060986,-0.015138,0.041513,0.02625,-0.044109,-0.046428,-0.015251,0.068612,0.00918,0.001152,-0.030849,0.066985,0.069491,0.0485,-0.048857,-0.003447,-0.023602,-0.034926,0.03839,0.022313,0.013936,0.043283,-0.023384,-0.00307,-0.011522,0.055435,0.069307
12.2,0.046626,0.013706,-0.024223,0.062811,-0.01367,0.043894,0.023808,-0.043613,-0.046997,-0.01368,0.067192,0.011173,-0.000799,-0.029578,0.066175,0.071028,0.045876,-0.048937,-0.001541,-0.022087,-0.036064,0.040619,0.024705,0.011667,0.041399,-0.021927,-0.00148,-0.013151,0.057731,0.069585
12.2,0.044713,0.015878,-0.025588,0.064401,-0.01217,0.046251,0.021382,-0.043095,-0.047507,-0.012082,0.065514,0.01318,-0.002738,-0.028278,0.065183,0.072329,0.043226,-0.048977,0.000419,-0.020497,-0.037147,0.04282,0.027137,0.009414,0.039303,-0.020436,0.000125,-0.014742,0.059953,0.069548
12.2,0.042726,0.018102,-0.026922,0.065685,-0.010611,0.048562,0.018983,-0.042528,-0.047964,-0.010455,0.063612,0.01521,-0.004658,-0.026949,0.064031,0.073352,0.040569,-0.048959,0.002425,-0.018846,-0.038187,0.044986,0.029591,0.007194,0.037082,-0.018922,0.001757,-0.016321,0.062056,0.069231
12.3,0.040688,0.020357,-0.028201,0.066674,-0.009029,0.050855,0.016614,-0.041924,-0.04836,-0.008814,0.061523,0.017255,-0.006548,-0.025593,0.062725,0.074084,0.037905,-0.048891,0.004462,-0.017152,-0.039166,0.047109,0.032073,0.005003,0.034825,-0.017386,0.003407,-0.017854,0.064035,0.068687
12.3,0.038609,0.022669,-0.029428,0.067396,-0.007388,0.053125,0.014284,-0.041285,-0.048693,-0.007155,0.059286,0.019319,-0.008418,-0.024228,0.061278,0.074492,0.035255,-0.048762,0.006553,-0.015376,-0.040086,0.049194,0.034561,0.002848,0.032599,-0.015834,0.005084,-0.019365,0.06586,0.067952
12.3,0.036531,0.025029,-0.030617,0.067876,-0.005693,0.055372,0.011982,-0.040588,-0.048997,-0.005459,0.056937,0.021408,-0.010262,-0.022819,0.059697,0.074571,0.032599,-0.048583,0.008685,-0.013532,-0.040961,0.051218,0.037058,0.000731,0.03044,-0.014254,0.006793,-0.020848,0.067536,0.067037
12.3,0.034463,0.02745,-0.031775,0.068138,-0.003948,0.057579,0.009704,-0.039849,-0.049228,-0.003734,0.054523,0.023524,-0.012108,-0.021393,0.057985,0.074336,0.02995,-0.048344,0.010871,-0.011625,-0.041775,0.053157,0.03956,-0.001373,0.028342,-0.012644,0.008542,-0.02233,0.069044,0.065897
12.3,0.032433,0.029885,-0.032869,0.068165,-0.002181,0.059681,0.007489,-0.039071,-0.049404,-0.002008,0.052067,0.025643,-0.013895,-0.019953,0.056153,0.073803,0.027338,-0.048052,0.013084,-0.009689,-0.042528,0.054955,0.04204,-0.003415,0.026313,-0.011033,0.010302,-0.023757,0.07032,0.06457
12.3,0.030422,0.032345,-0.033909,0.067915,-0.000368,0.061627,0.005318,-0.03825,-0.049513,-0.000254,0.049568,0.027763,-0.015657,-0.018498,0.054185,0.073003,0.024749,-0.047705,0.015334,-0.0077,-0.043213,0.0566,0.04449,-0.005419,0.024346,-0.009401,0.012078,-0.02516,0.071322,0.063063
12.3,0.028403,0.034812,-0.034921,0.067373,0.001503,0.0634,0.003178,-0.037365,-0.04957,0.001525,0.047014,0.029914,-0.017405,-0.017019,0.052106,0.071953,0.022183,-0.047304,0.01762,-0.005648,-0.043841,0.058115,0.046925,-0.007394,0.02242,-0.007747,0.0139,-0.026539,0.072038,0.061419
12.3,0.02637,0.037282,-0.035898,0.066505,0.003426,0.064988,0.001067,-0.036438,-0.049577,0.003335,0.044408,0.032086,-0.019134,-0.015516,0.049927,0.070675,0.019633,-0.046851,0.019949,-0.00354,-0.044418,0.059483,0.049333,-0.00934,0.020523,-0.006074,0.015762,-0.0279,0.072486,0.059638
12.3,0.024318,0.039727,-0.036838,0.065349,0.005376,0.066364,-0.000979,-0.035463,-0.049523,0.005154,0.041764,0.034244,-0.020811,-0.014013,0.047686,0.069183,0.017136,-0.046352,0.022312,-0.001406,-0.044925,0.060674,0.051657,-0.011228,0.018638,-0.004394,0.01764,-0.029228,0.072669,0.057748
12.3,0.022257,0.04212,-0.037734,0.063934,0.007344,0.067512,-0.002975,-0.034439,-0.049411,0.006991,0.039106,0.036384,-0.022449,-0.012492,0.045399,0.067502,0.014681,-0.045798,0.02468,0.000742,-0.045369,0.061625,0.053879,-0.013063,0.016764,-0.002702,0.019527,-0.030507,0.072601,0.055748
12.3,0.020159,0.044481,-0.038622,0.062326,0.009373,0.068434,-0.004947,-0.033352,-0.049233,0.008859,0.036418,0.038536,-0.024081,-0.010953,0.043029,0.065626,0.012252,-0.045187,0.027094,0.002953,-0.045774,0.062322,0.056017,-0.014878,0.014869,-0.00099,0.02146,-0.031787,0.072262,0.053617
12.3,0.018059,0.046774,-0.039476,0.060589,0.011442,0.069121,-0.006871,-0.032223,-4.90E-02,0.010749,0.033736,0.040686,-0.025661,-0.009402,0.040619,0.06358,0.00986,-0.044526,0.029525,0.005202,-0.046148,0.062737,0.058061,-0.016642,0.012981,0.000731,0.023425,-0.033033,0.071643,0.051388
12.4,0.015966,0.048981,-0.040287,5.87E-02,0.013533,0.069556,-0.008739,-0.03105,-0.048726,0.012659,0.031087,0.042817,-0.027199,-0.007848,0.038178,0.061366,0.007537,-0.043809,0.031966,0.007463,-0.046454,0.062857,0.06001,-0.018354,0.011096,0.002461,0.025401,-0.034237,0.070743,0.049047
12.4,0.013888,0.051074,-0.041052,0.056773,0.015642,0.069721,-0.010552,-0.029814,-0.048385,0.014576,0.028465,0.044925,-0.028677,-0.006285,0.035736,0.058988,0.005269,-0.043029,0.034399,0.009733,-0.046711,0.062711,0.061856,-0.020007,0.009221,0.004192,0.027386,-0.035397,0.069577,0.046637
12.4,0.011813,0.053087,-0.041787,0.054675,0.017798,0.069614,-0.012354,-0.02853,-0.047984,0.016533,0.025838,0.047036,-0.030142,-0.004696,0.033293,0.056438,0.003012,-0.042186,0.036851,0.012052,-0.04693,0.062333,0.063614,-0.021635,0.007356,0.005943,0.029407,-0.036536,0.068154,0.044149
12.4,0.009788,0.054996,-0.042498,0.05249,0.019974,0.069237,-0.014103,-0.027215,-0.047539,0.01849,0.023272,0.049113,-0.031546,-0.003121,0.030899,0.053785,0.00082,-0.041297,0.039287,0.014381,-0.047124,0.06177,0.065225,-0.023216,0.005543,0.007685,0.031434,-0.037643,0.066517,0.041655
12.4,0.007798,0.056809,-0.04317,0.050186,0.022177,0.068594,-0.015794,-0.02585,-0.047047,0.020465,0.020749,0.051154,-0.032898,-0.001528,0.028545,0.051053,-0.001305,-0.040358,0.041697,0.016725,-0.04727,0.061015,0.066651,-0.02473,0.003771,0.009435,0.033477,-0.038706,0.06467,0.039144
12.4,0.005811,0.058544,-0.043799,0.04777,0.02441,0.067694,-0.017461,-0.024423,-0.046467,0.022476,0.018257,0.05315,-0.034204,9.10E-05,0.026188,0.048244,-0.0034,-0.039341,0.044103,0.0191,-0.047358,0.060016,0.067874,-0.026211,0.002011,0.011207,0.035539,-0.039726,0.062611,0.0366
12.4,0.003868,0.060142,-0.044412,0.045313,0.026644,0.066553,-0.01909,-0.022956,-0.045839,0.024484,0.015819,0.055049,-0.035459,0.001706,0.023854,0.045408,-0.005435,-0.038278,0.046459,0.021468,-0.047418,0.058758,0.068852,-0.027638,0.000285,0.012965,0.037583,-0.040722,0.060368,0.034076
12.4,0.001975,0.06156,-0.045015,0.042794,0.028902,0.065176,-0.020677,-0.02146,-0.045178,0.026505,0.013434,0.056864,-0.036673,0.003327,0.021545,0.042543,-0.007425,-0.037182,0.048775,0.023842,-0.047466,5.72E-02,0.069599,-0.029031,-0.001423,0.014724,0.039628,-0.041698,0.057943,0.03157
12.4,0.00013,0.062743,-0.045578,0.040248,0.031183,0.063577,-0.022231,-0.019917,-0.044439,0.028534,0.011108,0.058594,-0.03784,0.004949,0.019243,0.039669,-0.009358,-0.036022,0.051057,0.026216,-0.047473,0.055449,0.070111,-0.030372,-0.003115,0.016483,0.041669,-0.042638,0.055373,0.029099
12.4,-0.001668,0.063648,-0.046101,0.037645,0.033464,0.061774,-0.023727,-0.018322,-0.043636,0.030575,0.008846,0.060209,-0.038952,0.006596,0.01694,0.036795,-0.011227,-0.034799,0.05329,0.028564,-0.047436,0.053462,0.070362,-0.031657,-0.004765,0.01825,0.043686,-0.043531,0.052675,0.026652
12.4,-0.003441,0.064299,-0.046587,0.035012,0.035757,0.059789,-0.025199,-0.016674,-0.042777,0.032628,0.006635,0.06171,-0.040018,0.008258,0.014642,0.033911,-0.013051,-0.033526,0.05547,0.030893,-0.047364,0.051338,0.070343,-0.032903,-0.006393,0.020022,0.045689,-0.044385,0.049866,0.024217
12.4,-0.005154,0.064729,-0.047058,0.032396,0.03804,0.05766,-0.026626,-0.015011,-0.041881,0.034658,0.004494,0.063076,-0.04105,0.009898,0.012387,0.031054,-0.01481,-0.032224,0.057548,0.033182,-0.047269,0.049154,0.070053,-0.03412,-0.00795,0.021768,0.047658,-0.045208,0.047002,0.021792
12.4,-0.006812,0.064975,-0.047494,0.029776,0.040311,0.055375,-0.028015,-0.013305,-0.040944,0.036683,0.002408,0.064297,-0.042031,0.011556,0.010158,0.028205,-0.016517,-0.030871,0.059513,0.03543,-0.047146,0.046922,0.069496,-0.035283,-0.009468,0.023518,0.049598,-0.045982,0.044077,0.019364
12.5,-0.008453,0.065026,-0.047874,0.027174,0.042553,0.052925,-0.029355,-0.011547,-0.03993,0.038712,0.000379,0.065336,-0.042954,0.013226,0.007939,0.025369,-0.018167,-0.029453,0.061355,0.037633,-0.046955,0.044659,0.068672,-0.0364,-0.010987,0.025271,0.051493,-0.046693,0.041113,0.016892
12.5,-0.01003,0.064824,-0.048209,0.024617,0.044741,0.050355,-0.030648,-0.009752,-0.038863,0.040715,-0.001587,0.066157,-0.043816,0.014898,0.005787,0.022567,-0.019746,-0.027982,0.063021,0.039774,-0.046725,0.04238,0.067599,-0.03747,-0.012474,0.027014,0.053315,-0.047348,0.038153,0.014442
12.5,-0.011548,0.064349,-0.048514,0.022111,0.046894,0.047675,-0.031906,-0.007938,-0.03776,0.042699,-0.003503,0.066741,-0.044636,0.016572,0.003691,0.01979,-0.021279,-0.026474,0.064528,0.041882,-0.046477,0.040067,0.066279,-0.038505,-0.013952,0.028748,0.055064,-0.047964,0.035195,0.011998
12.5,-0.013049,0.063575,-0.048781,0.019638,0.049005,0.044913,-0.033135,-0.006101,-0.036613,0.044669,-0.005372,0.067083,-0.045405,0.018242,0.001622,0.017049,-0.022758,-0.024924,0.065869,0.043954,-0.046201,0.037716,0.064727,-0.039508,-0.015442,0.030475,0.056719,-0.048521,0.032247,0.009573
12.5,-0.014515,0.062534,-0.049004,0.017212,0.051047,4.21E-02,-0.034302,-0.004219,-0.035406,0.046609,-0.007182,0.067175,-0.046104,0.019913,-0.000413,0.014354,-0.024175,-0.02331,0.067037,0.045974,-0.045865,0.035347,0.062968,-0.040456,-0.016937,0.032192,0.058248,-0.049018,0.029317,0.007186
12.5,-0.015956,0.06128,-0.049166,0.014821,0.053012,0.039234,-0.035426,-0.002313,-0.034151,0.048529,-0.008937,0.06704,-0.046734,0.021592,-0.002404,0.011702,-0.025525,-0.021645,0.068029,0.047948,-0.045486,0.032974,0.061029,-0.041355,-0.018421,0.033899,0.059631,-0.049446,0.026406,0.00483
12.5,-0.017356,0.05985,-0.049289,0.012478,0.054919,0.03634,-0.036523,-0.000392,-0.032857,0.050432,-0.01066,0.066706,-0.047331,0.023266,-0.004341,0.009096,-0.02684,-0.019948,0.068853,0.049898,-0.045084,0.030621,0.058937,-0.042226,-0.019879,0.035605,0.060892,-0.049835,0.023513,0.002535
12.5,-0.018715,0.058267,-0.049378,0.010148,0.056768,0.033433,-0.037583,0.001548,-0.031533,0.052306,-0.012336,0.066163,-0.047888,0.02493,-0.006237,0.006546,-0.028101,-0.018206,0.069491,0.051824,-0.044641,0.028262,0.056704,-0.04306,-0.021294,0.037298,0.062019,-0.050193,0.020651,0.000287
12.5,-0.020069,0.056534,-0.049391,0.007833,0.05854,0.030538,-0.038586,0.003499,-0.030173,0.054126,-0.013955,0.06538,-0.048386,0.026588,-0.008118,0.004063,-0.029292,-0.016418,0.069905,0.053703,-0.044158,0.025877,0.05434,-0.043824,-0.022663,0.038969,0.062966,-0.050462,0.017835,-0.001916
12.5,-0.02141,0.054652,-0.049339,0.005567,0.060241,0.027643,-0.039548,0.005475,-0.028752,0.055892,-0.015545,0.064346,-0.048837,0.028248,-0.009986,0.001618,-0.030435,-0.014574,0.070082,0.055545,-0.043607,0.023475,0.051824,-0.044548,-0.023991,0.040638,0.063708,-0.050667,0.015049,-0.004062
12.5,-0.022721,0.052652,-0.049244,0.003383,0.061846,0.024794,-0.040482,0.007454,-0.027311,0.057572,-0.0171,0.063093,-0.049265,0.029888,-0.011816,-0.000758,-0.031538,-0.012701,0.069994,0.057325,-0.043038,0.021084,0.049202,-0.04525,-0.025227,0.042286,0.064222,-0.05083,0.012325,-0.00611
12.5,-0.024007,0.050544,-0.049103,0.001278,0.063343,0.022002,-0.04137,0.009421,-0.025847,0.059147,-0.0186,0.061649,-0.049646,0.031517,-0.013606,-0.003069,-0.032583,-0.010812,0.069644,0.059029,-0.042438,0.018727,0.046494,-0.0459,-0.026354,0.043905,0.064496,-0.050936,0.009667,-0.008064
12.6,-0.025277,0.048306,-0.048885,-0.000792,0.064699,0.019242,-0.042206,0.011405,-0.024331,0.060591,-0.020071,0.06001,-0.049964,0.033138,-0.015379,-0.005325,-0.033574,-0.00887,0.069018,0.060651,-0.041777,0.0164,0.0437,-0.046499,-0.02741,0.045505,0.064531,-0.05096,0.007058,-0.009961
12.6,-0.026523,0.045965,-0.048596,-0.002814,0.065891,0.016533,-0.042992,0.013398,-0.022754,0.061881,-0.021502,0.058179,-0.050221,0.034744,-0.01712,-0.007521,-0.034518,-0.006882,0.068142,0.062171,-0.041056,0.014128,0.040868,-0.047063,-0.028419,0.047069,0.064342,-0.050909,0.004514,-0.011798
12.6,-0.027734,0.043568,-0.048273,-0.00476,0.066911,0.013882,-0.04374,0.015369,-0.02117,0.063015,-0.022898,0.056143,-0.050429,0.036335,-0.018795,-0.009652,-0.03542,-0.004886,0.06705,0.06358,-0.040302,0.011947,0.038021,-0.047588,-0.029395,0.048593,0.063935,-0.05081,0.002041,-0.013564
12.6,-0.028897,0.041135,-0.047899,-0.006607,0.067752,0.01131,-0.044445,0.01731,-0.019562,0.06397,-0.024252,0.053915,-0.050595,0.037886,-0.020398,-0.011708,-0.036271,-0.002891,0.065762,0.06487,-0.03951,0.009873,0.03518,-0.048085,-0.030353,0.050061,0.063326,-0.050671,-0.000346,-0.015255
12.6,-0.030065,0.038644,-0.047442,-0.0084,0.068417,0.008777,-0.045103,0.01926,-0.017895,0.064764,-0.025576,0.051502,-0.050702,0.039436,-0.021958,-0.013713,-0.037079,-0.000845,0.06427,0.066056,-0.038646,0.007855,0.032318,-0.048524,-0.031345,0.051492,0.062509,-0.050464,-0.002671,-0.01691
12.6,-0.031245,0.036135,-0.046914,-0.010146,0.068875,0.006313,-0.045692,0.021198,-0.016186,0.065407,-0.026865,0.048961,-0.050755,0.040961,-0.023481,-0.01565,-0.037832,0.001224,0.062585,0.067103,-0.037718,0.005885,0.029458,-0.04891,-0.032374,0.052873,0.061493,-0.0502,-0.004922,-0.018544
12.6,-0.032407,0.033636,-0.046332,-0.011802,0.069116,0.003918,-0.046249,0.0231,-0.014453,0.065906,-0.028118,0.046341,-0.050774,0.042457,-0.02494,-0.017512,-0.038547,0.003291,0.060734,0.067994,-0.036745,0.00399,0.02661,-0.049264,-0.033398,0.054208,0.060287,-0.049894,-0.007084,-0.020126
12.6,-0.033525,0.031158,-0.045681,-0.013388,0.069124,0.001583,-0.046759,0.024968,-0.012697,0.066279,-0.029345,0.043651,-0.05076,0.04391,-0.026314,-0.019319,-0.039236,0.00536,0.058716,0.068722,-0.035722,0.002171,0.023761,-0.049581,-0.034386,0.055485,0.058891,-0.049542,-0.009176,-0.021613
12.6,-0.034594,0.028695,-0.044962,-0.014922,0.068896,-0.000692,-0.047223,0.026815,-0.010907,0.066518,-0.03054,0.040907,-0.050698,0.045344,-0.027618,-0.021062,-0.039877,0.007442,0.056543,0.069278,-0.034631,0.000403,0.020922,-0.049855,-0.035348,0.056705,0.057323,-0.049133,-0.011194,-0.023043
12.6,-0.035591,0.026276,-0.044171,-0.016402,0.068444,-0.002879,-0.047619,0.028633,-0.009088,0.066603,-0.031688,0.038142,-0.05058,0.046733,-0.02885,-0.022711,-0.040472,0.009523,0.054244,0.069652,-0.033471,-0.001317,0.018131,-0.050086,-0.03628,0.057843,0.055602,-0.048649,-0.013112,-0.024382
12.6,-0.03649,0.023866,-0.043298,-0.017818,0.067767,-0.005016,-0.047973,0.030426,-0.007229,0.066498,-0.032811,0.035316,-0.050418,0.048091,-0.029994,-0.02431,-0.041038,0.011614,0.0518,0.069855,-0.03224,-0.002994,0.015346,-0.050274,-0.037156,0.058876,0.05372,-0.048109,-0.014964,-0.025623
12.6,-0.037286,0.021523,-0.042382,-0.019153,0.066877,-0.007076,-0.04828,0.032162,-0.00537,0.066175,-0.033898,0.032476,-0.050221,0.049386,-0.031022,-0.025828,-0.041571,0.013671,0.049277,0.069871,-0.030962,-0.004605,0.01261,-0.050427,-0.037933,0.059768,0.051712,-0.047516,-0.016733,-0.026742
12.6,-0.038041,0.019201,-0.041401,-0.020415,0.065766,-0.009073,-0.048536,0.033862,-0.003486,0.065614,-0.034953,0.02961,-0.049968,0.050629,-0.031973,-0.027285,-0.042087,0.01572,0.046653,0.069681,-0.029616,-0.006187,0.009905,-0.05054,-0.038669,0.060509,0.049571,-0.046869,-0.018436,-0.027765
12.7,-0.038802,0.0169,-0.040335,-0.021626,0.064444,-0.011011,-0.048733,0.035545,-0.001565,6.48E-02,-0.035975,0.026735,-0.04965,0.051822,-0.032874,-0.028674,-0.042561,0.01777,0.043953,0.06927,-0.028192,-0.007721,0.007243,-0.05059,-0.039411,0.061096,0.047314,-0.046149,-0.020076,-0.028702
12.7,-0.039571,0.014638,-0.039202,-0.022774,0.062923,-0.012872,-0.048879,0.037182,0.000376,0.063785,-0.036954,0.023883,-0.049283,0.052952,-0.03373,-0.029987,-0.04301,0.019799,0.041203,0.068627,-0.026692,-0.009223,0.004636,-0.050582,-0.04017,0.061524,0.044968,-0.045361,-0.02163,-0.029555
12.7,-0.040324,0.012423,-0.038016,-0.023847,0.061233,-0.01466,-0.048984,0.038754,0.002312,0.062543,-0.037893,0.021081,-0.048875,0.054006,-0.034543,-0.031221,-0.04343,0.021784,0.03843,0.067763,-0.025156,-0.010653,0.002104,-0.050529,-0.040924,0.061803,0.042564,-0.044538,-0.023115,-0.030341
12.7,-0.041076,0.010232,-0.036758,-0.02487,0.059368,-0.016403,-0.04905,0.040283,0.004263,0.061092,-0.038809,0.018298,-0.048422,0.054989,-0.035354,-0.032393,-0.043837,0.023741,0.035624,0.066681,-0.023545,-0.012049,-0.00039,-0.050419,-0.041705,0.061944,0.040084,-0.043655,-0.024538,-0.031106
12.7,-0.04183,0.008051,-0.035421,-0.025873,0.057349,-0.018099,-0.049066,0.041765,0.006246,0.059444,-0.039693,0.015547,-0.047907,0.055899,-0.036182,-0.033503,-0.044222,0.025684,0.032789,0.065393,-0.021858,-0.013414,-0.002836,-0.050247,-0.042504,0.061929,0.037544,-0.042705,-0.025911,-0.031884
12.7,-0.042557,0.00591,-0.034015,-0.026832,0.055219,-0.019712,-0.049031,0.043188,0.008231,0.05763,-0.04053,0.012875,-0.047338,0.056716,-0.036974,-0.03453,-0.04457,0.027581,0.029972,0.063926,-0.020116,-0.014726,-0.005196,-5.00E-02,-0.043264,0.061736,0.034988,-0.0417,-0.027204,-0.032668
12.7,-0.04323,0.003803,-0.032537,-0.027736,0.052969,-0.021287,-0.048948,0.044541,0.010226,0.055644,-0.041329,0.010256,-0.046714,0.057429,-0.037718,-0.035492,-0.044902,0.029438,0.027149,0.062284,-0.018302,-0.015985,-0.0075,-0.049719,-0.04394,0.061343,3.24E-02,-0.040637,-0.028437,-0.033448
12.7,-0.04381,0.001751,-0.031025,-0.028585,0.050642,-0.022794,-0.048834,0.045817,0.012198,0.053529,-0.042089,0.007721,-0.046054,0.058026,-0.038418,-0.03639,-0.045224,0.031227,0.024359,0.060482,-0.016453,-0.017182,-0.009719,-0.049391,-0.044509,0.060752,0.029825,-0.039535,-0.029604,-0.034217
12.7,-0.044304,-0.000293,-0.029425,-0.029407,0.048203,-0.024269,-0.048684,0.047042,0.014191,0.051264,-0.042804,0.005236,-0.045326,0.058509,-0.039094,-0.037237,-0.045531,0.03298,0.021556,0.058494,-0.014522,-0.018353,-0.011891,-0.049013,-0.044964,6.00E-02,0.027228,-0.038364,-0.030724,-0.034981
12.7,-0.044661,-0.002296,-0.027756,-0.030174,0.045681,-0.025686,-0.048479,0.048199,0.016178,0.048881,-0.043469,0.002819,-0.044525,0.058863,-0.039699,-0.038021,-0.045817,0.034677,0.018777,0.056347,-0.012528,-0.019482,-0.013989,-0.048556,-0.04529,0.058989,0.024636,-0.037125,-0.031784,-0.035701
12.7,-0.04491,-0.00424,-0.026046,-0.030852,0.043097,-0.027053,-0.048243,0.049282,0.018135,0.046422,-0.04408,0.00049,-0.043672,0.059092,-0.040234,-0.038741,-0.046088,0.036301,0.016052,0.054061,-0.010495,-0.020554,-0.016007,-0.048055,-0.045526,0.057851,0.022071,-0.035829,-0.032781,-0.036353
12.7,-0.045119,-0.006149,-0.024279,-0.031466,0.040442,-0.028376,-0.047978,0.050308,0.020081,0.043866,-0.044647,-0.001773,-0.042766,0.059181,-0.040682,-0.039424,-0.046353,0.037861,0.013355,0.051642,-0.008407,-0.02159,-0.017959,-0.047502,-0.045762,0.05655,0.019525,-0.034485,-0.033732,-0.03695
12.8,-0.045316,-0.008022,-0.02244,-0.032018,0.037731,-0.029656,-0.047677,0.051268,0.02201,0.041248,-0.045179,-0.003964,-0.04179,0.059115,-0.041052,-0.040065,-0.046603,0.039361,0.010694,0.049115,-0.006258,-0.022601,-0.019841,-0.046883,-0.04604,0.055086,0.017009,-0.033071,-0.034639,-0.037498
12.8,-0.045511,-0.00985,-0.020545,-0.032504,0.034977,-0.030889,-0.047332,0.052151,0.023902,0.038568,-0.045638,-0.006083,-0.04074,0.058876,-0.04131,-0.040643,-0.04682,0.040773,0.008092,0.046488,-0.004062,-0.023581,-0.02165,-0.046196,-0.046338,0.053465,0.014529,-0.031585,-0.035496,-0.037984
12.8,-0.0457,-0.011621,-0.018609,-0.03294,0.032201,-0.032073,-0.046955,0.052959,0.025751,0.035852,-0.046054,-0.008114,-0.039634,0.058479,-0.041464,-0.041181,-0.047017,0.042104,0.00556,0.043785,-0.001834,-0.024521,-0.023377,-0.045453,-0.046631,0.051703,0.012098,-0.030056,-0.036308,-0.03838
12.8,-0.045903,-0.013345,-0.016616,-0.033334,0.029393,-0.033218,-0.04656,0.053696,0.027572,0.033101,-0.04643,-0.010074,-0.038471,0.057904,-0.041563,-0.041674,-0.047204,0.043359,0.003087,0.041006,0.000438,-0.025432,-0.025038,-0.044669,-0.046915,0.049797,0.009704,-0.028462,-0.037092,-0.0387
12.8,-0.046132,-0.015031,-0.014561,-0.033691,0.026566,-0.034323,-0.046134,0.054366,0.029353,0.030317,-0.046756,-0.011965,-0.03724,0.057161,-4.16E-02,-0.042135,-0.047355,0.044536,0.000667,0.038162,0.002746,-0.026326,-0.026625,-0.043823,-0.047165,0.047762,0.007352,-0.026799,-0.037843,-0.038963
12.8,-0.046348,-0.016669,-0.012449,-0.034038,0.023739,-0.035373,-0.045648,0.054946,0.03108,0.027516,-0.04702,-0.013772,-0.035925,0.056241,-0.041695,-0.042533,-0.047458,0.045624,-0.001688,0.035276,0.00509,-0.027201,-0.028131,-0.042909,-0.047317,0.04561,0.005051,-0.025071,-0.038556,-0.039172
12.8,-0.046512,-0.018255,-0.010298,-0.034375,0.020922,-0.036372,-0.045142,0.055443,0.032746,0.024718,-0.047228,-0.015501,-0.034558,0.055154,-0.041742,-0.042889,-0.047527,0.046623,-0.003971,0.032363,0.007442,-0.028026,-0.029537,-0.041947,-0.047337,0.043359,0.002801,-0.023288,-0.039237,-0.039303
12.8,-0.046586,-0.019778,-0.008105,-0.034718,0.018113,-0.037338,-0.044596,0.055851,0.034359,0.021928,-0.047396,-0.01717,-0.033143,0.053907,-0.04177,-0.043225,-0.047571,0.04754,-0.006188,0.02943,0.009801,-0.028816,-0.030878,-0.040943,-0.04722,0.04102,0.000596,-0.02145,-0.039897,-0.039377
12.8,-0.046563,-0.021259,-0.005858,-0.035064,0.015326,-0.038259,-0.044014,0.056166,0.035902,0.019157,-0.047517,-0.018757,-0.031646,0.052512,-0.041772,-0.04352,-0.047574,0.04837,-0.008336,0.026503,0.012173,-0.029594,-0.032133,-0.039881,-0.047016,0.038611,-0.001557,-0.019547,-0.04053,-0.03942
12.8,-0.046448,-0.022698,-0.003547,-0.035396,0.012549,-0.03912,-0.043374,0.056377,0.037391,0.016382,-0.047574,-0.02028,-0.030074,0.050957,-0.041739,-0.043769,-0.047519,0.049118,-0.010443,0.023567,0.014562,-0.030369,-0.033292,-0.03875,-0.046767,0.036124,-0.003669,-0.01756,-0.041125,-0.03944
12.8,-0.046254,-0.024089,-0.001214,-0.035721,0.009809,-0.039917,-0.042697,0.056472,0.038783,0.013642,-0.047583,-0.021721,-0.028438,0.049273,-0.041671,-0.043988,-0.047417,0.049768,-0.012483,0.020659,0.016926,-0.031119,-0.034356,-0.037576,-0.046488,0.033597,-0.005725,-0.015524,-0.041674,-0.039425
12.8,-0.045987,-0.025406,0.001152,-0.03602,0.007105,-0.040677,-0.042002,0.056453,0.040088,0.010945,-0.047561,-0.023113,-0.026749,0.047465,-0.041587,-0.044195,-0.047283,0.050333,-0.014454,0.017774,0.019272,-0.031825,-0.035346,-0.036369,-0.046185,0.03104,-0.007742,-0.013437,-0.042212,-0.039372
12.8,-0.045643,-0.026673,0.00355,-0.036292,0.004428,-0.041394,-0.041272,0.056319,0.041302,0.008291,-0.047498,-0.024445,-0.024996,0.045538,-0.041506,-0.04438,-0.0471,0.050803,-0.016368,0.014915,0.021593,-0.032532,-0.036265,-0.035116,-0.045851,0.028455,-0.009725,-0.011289,-0.042717,-0.03931
12.9,-0.045236,-0.027905,0.005978,-0.036557,0.001801,-0.042043,-0.040488,0.056065,0.042422,0.005672,-0.047378,-0.025702,-0.023169,0.043501,-0.041429,-0.04453,-0.046847,0.051189,-0.018224,0.01211,0.023884,-0.033242,-0.037088,-0.033797,-0.045525,0.025842,-0.011653,-0.009073,-0.043183,-0.039261
12.9,-0.044755,-0.029108,0.008455,-0.036814,-0.000788,-0.042627,-0.039658,0.055689,0.043461,0.003086,-0.047203,-0.026906,-0.021254,0.041343,-0.041344,-0.04465,-0.046531,0.051482,-0.020012,0.009334,0.026162,-0.033932,-0.037827,-0.032422,-0.045187,0.023201,-0.013552,-0.006775,-0.043597,-0.039207
12.9,-0.044255,-0.030242,0.010908,-0.037041,-0.003315,-0.043172,-0.038809,0.055202,0.044396,0.000591,-0.046996,-0.028056,-0.019305,0.039124,-0.041253,-0.044761,-0.04618,0.051675,-0.021691,0.006634,0.028355,-0.034589,-0.038504,-0.031024,-0.044781,0.020587,-0.015407,-0.004461,-0.043992,-0.039126
12.9,-0.043722,-0.031345,0.013399,-0.037265,-0.005812,-0.043671,-0.037919,0.054593,0.045257,-0.001867,-0.04676,-0.029171,-0.017281,0.036803,-0.041157,-0.044867,-0.045767,0.051782,-0.023312,0.003966,0.03051,-0.035238,-0.039136,-0.029568,-0.044292,0.017953,-0.017251,-0.00208,-0.044363,-0.039028
12.9,-0.043166,-0.032413,0.015877,-0.037493,-0.008234,-0.044103,-0.036982,0.05387,0.046022,-0.004261,-0.046475,-0.030216,-0.015199,0.03443,-0.041024,-0.044935,-0.045291,0.051799,-0.024851,0.001384,0.03259,-0.035852,-0.039678,-0.028067,-0.043706,0.015344,-0.019042,0.000347,-0.044678,-0.038905
12.9,-0.04254,-0.033448,0.018366,-0.037704,-0.01058,-0.04446,-0.035983,0.053037,0.046698,-0.006591,-0.046141,-0.031208,-0.01304,0.031997,-0.040841,-0.044971,-0.044731,0.051733,-0.026327,-0.001131,0.034603,-0.036448,-0.040165,-0.026496,-0.043053,0.012745,-0.020789,0.002817,-0.044947,-0.038743
12.9,-0.041863,-0.034436,0.020838,-0.037892,-0.012867,-0.044771,-0.034946,0.052085,0.047284,-0.00886,-0.045773,-0.032166,-0.010823,0.029523,-0.040606,-0.044995,-0.044129,0.051584,-0.027726,-0.003575,0.036541,-0.037025,-0.040598,-0.024885,-0.042339,0.010181,-0.022513,0.005333,-0.045188,-0.038577
12.9,-0.041142,-0.03538,0.023299,-0.038076,-0.015103,-0.045038,-0.033866,0.051011,0.04777,-0.011072,-0.045387,-0.033098,-0.008553,0.027013,-0.040302,-0.045009,-0.043463,0.051353,-0.029077,-0.005975,0.038391,-0.03758,-0.040999,-0.023231,-0.041563,0.007643,-0.024219,0.007868,-0.045398,-0.038447
12.9,-0.040363,-0.036274,0.025709,-0.038254,-0.017249,-0.045239,-0.032729,0.049814,0.048159,-0.013201,-0.044957,-0.033987,-0.006241,0.024498,-0.039904,-0.04499,-0.042731,0.051032,-0.030362,-0.00829,0.040128,-0.038141,-0.041341,-0.021521,-0.040712,0.005164,-0.025868,0.010419,-0.045558,-0.038353
12.9,-0.039524,-0.037122,0.028087,-0.038413,-0.019298,-0.045367,-0.03153,0.048493,0.048448,-0.015265,-0.044484,-0.034825,-0.003864,0.021963,-0.039432,-0.044937,-0.041931,0.050627,-0.031602,-0.01051,0.041756,-0.038683,-0.04161,-0.019757,-0.039759,0.002722,-0.027458,0.012981,-0.045664,-0.038261
12.9,-0.038621,-0.037914,0.030432,-0.03856,-0.021273,-0.045437,-0.030275,0.047045,0.048647,-0.017268,-0.043981,-0.035633,-0.001434,0.019418,-0.038919,-0.044859,-0.041068,0.050144,-0.032805,-0.012659,0.04329,-0.039205,-0.041828,-0.017939,-0.038692,0.000328,-0.029,0.015565,-0.045722,-0.038155
12.9,-0.037689,-0.038648,0.0327,-0.038697,-0.023173,-0.045463,-0.028966,0.045486,0.048741,-0.019178,-0.043453,-0.036422,0.001024,0.016887,-0.038398,-0.04476,-0.040153,0.049575,-0.033957,-0.014731,0.044694,-0.039663,-0.04201,-0.016084,-0.03754,-0.001995,-0.030491,0.018132,-0.045739,-0.03802
13,-0.036752,-0.039333,0.03491,-0.038811,-0.025003,-0.045442,-0.027585,0.043795,0.048738,-0.021028,-0.04289,-0.037198,0.003535,0.014352,-0.03786,-0.044637,-0.039166,0.048914,-0.035086,-0.016733,0.045996,-0.040078,-0.042155,-0.014166,-0.03632,-0.004277,-0.031943,0.020703,-0.045713,-0.037852
13,-0.035826,-0.039959,0.037035,-0.038911,-0.026738,-0.045354,-0.026147,0.041997,0.04864,-0.022809,-0.042293,-0.037927,0.006074,0.011822,-0.037312,-0.044472,-0.038115,0.048171,-0.036178,-0.018631,0.047185,-0.040424,-0.042241,-0.012198,-0.03504,-0.0065,-0.033322,0.023264,-0.045619,-0.037668
13,-0.034889,-0.040525,0.039056,-0.039001,-0.028379,-0.045209,-0.024629,0.0401,0.048451,-0.024513,-0.041656,-0.038625,0.008637,0.009328,-0.036769,-0.044272,-0.036997,0.047338,-0.037205,-0.020423,0.048253,-0.040711,-0.042286,-0.01018,-0.033704,-0.008653,-0.034626,0.025797,-0.045471,-0.037485
13,-0.0339,-0.041048,0.040973,-0.039061,-0.029951,-0.045019,-0.02305,0.0381,0.048178,-0.026149,-0.040999,-0.039322,0.011232,0.006844,-0.036246,-0.044043,-0.035818,0.046415,-0.03816,-0.022138,0.049202,-0.040957,-0.042318,-0.008107,-0.032341,-0.010744,-0.035895,0.028319,-0.045283,-0.037287
13,-0.032839,-0.041531,0.042783,-0.039097,-0.031458,-0.044782,-0.021386,0.035993,0.047818,-0.027715,-0.040313,-0.040009,0.013853,0.004377,-0.03571,-0.043778,-0.034573,0.045396,-0.039048,-0.023771,0.050024,-0.041174,-0.042336,-0.005969,-0.03098,-0.01279,-0.037127,0.030811,-0.045045,-0.037075
13,-0.03172,-0.041993,0.044463,-0.039135,-0.032859,-0.044489,-0.019657,0.033818,0.047386,-0.029213,-0.039592,-0.040659,0.016478,0.001949,-0.035185,-0.043472,-0.033273,0.044293,-0.039853,-0.025297,0.050705,-0.041355,-0.042337,-0.003793,-0.029677,-0.014758,-0.038281,0.033239,-0.044747,-0.036874
13,-0.03053,-0.042414,0.046012,-0.039146,-0.03415,-0.044144,-0.017859,0.031578,0.046871,-0.030624,-0.038846,-0.041276,0.019097,-0.000437,-0.034644,-0.043125,-0.031906,0.043105,-0.040577,-0.026701,0.051255,-0.041504,-0.042323,-0.001574,-0.028433,-0.016659,-0.039359,0.035584,-0.044398,-0.036666
13,-0.029245,-0.042783,0.047447,-0.039098,-0.035344,-0.043744,-0.015983,0.029271,0.046292,-0.031962,-0.038072,-0.041866,0.021724,-0.002791,-0.034119,-0.042728,-0.030476,0.04183,-0.041229,-0.028027,0.051683,-0.041614,-0.042307,0.000698,-0.027202,-0.018501,-0.04038,0.03785,-0.044001,-0.036412
13,-0.027861,-0.043113,0.04875,-0.039018,-0.036459,-0.043315,-0.014026,0.026908,0.045636,-0.03321,-0.037262,-0.042441,0.024353,-0.005105,-0.033591,-0.042295,-0.028983,0.040478,-0.041804,-0.029282,0.051997,-0.041688,-0.042291,0.003026,-0.025928,-0.020276,-0.04135,0.04003,-0.043554,-0.036128
13,-0.026427,-0.0434,0.049911,-0.038925,-0.037469,-0.042847,-0.011994,0.024503,0.044906,-0.034382,-0.036417,-0.042985,0.026954,-0.007372,-0.033067,-0.04181,-0.027426,0.03904,-0.042343,-0.030441,0.052198,-0.041735,-0.042264,0.005398,-0.02458,-0.021988,-0.04224,0.042101,-0.043066,-0.03582
13,-0.02496,-0.043638,0.050929,-0.038798,-0.038377,-0.042343,-0.009878,0.022038,0.044106,-0.035503,-0.03553,-0.043482,0.02954,-0.009614,-0.03251,-0.041273,-0.025801,0.037511,-0.042852,-0.031516,0.052287,-0.041755,-0.04221,0.007819,-0.023118,-0.023657,-0.043039,0.044075,-0.042515,-0.035487
13,-0.023476,-0.043817,0.051786,-0.038627,-0.039199,-0.041812,-0.007697,0.019557,0.043238,-0.036549,-0.034605,-0.043947,0.03206,-0.011791,-0.03193,-0.040676,-0.024126,0.035908,-0.043323,-0.03252,0.052259,-0.041735,-0.042142,0.010272,-0.021511,-0.025256,-0.043751,0.045921,-0.041923,-0.035123
13,-0.021975,-0.043953,0.052504,-0.03842,-0.03995,-0.041275,-0.005444,0.017056,0.042309,-0.03754,-0.033645,-0.044386,0.034531,-0.013913,-0.031299,-0.040039,-0.022386,0.034244,-0.043748,-0.033474,0.052119,-0.041671,-0.042071,0.012758,-0.019776,-0.026786,-0.044395,0.047656,-0.041297,-0.034719
13.1,-0.020456,-0.044048,0.053084,-0.038187,-0.040632,-0.040718,-0.003116,0.014525,0.041317,-0.038496,-0.032647,-0.044788,0.036948,-0.015995,-0.030614,-0.039346,-0.020588,0.032505,-0.044145,-0.034378,0.051865,-0.04158,-0.041995,0.01529,-0.017946,-0.028282,-0.044957,0.049268,-0.040631,-0.034311
13.1,-0.018934,-0.044116,0.053517,-0.037913,-0.041236,-0.040147,-0.000717,0.011989,0.040256,-0.039406,-0.031599,-0.045138,0.039287,-0.018014,-0.029893,-0.038591,-0.018736,0.030705,-0.044493,-0.035213,0.051498,-0.041476,-0.0419,0.017831,-0.01607,-0.029716,-0.045419,0.050717,-0.039924,-0.033873
13.1,-0.01739,-0.044146,0.05381,-0.037598,-0.041761,-0.039549,0.001731,0.009453,0.039131,-0.040268,-0.030503,-0.045421,0.04154,-0.019981,-0.029138,-0.037775,-0.016833,0.028847,-0.044795,-0.035988,0.05102,-0.041327,-0.041792,0.020389,-0.014166,-0.031117,-0.04579,0.051998,-0.039176,-0.033388
13.1,-0.015789,-0.044138,0.053977,-0.037246,-0.042237,-0.038955,0.004264,0.006897,0.037935,-0.041077,-0.029362,-0.045663,0.043725,-0.021905,-0.028326,-0.03691,-0.014869,0.026924,-0.045044,-0.036727,0.050446,-0.041119,-0.041684,0.022973,-0.012218,-0.032472,-0.046097,0.053116,-0.038391,-0.032841
13.1,-0.014159,-0.044095,0.054011,-0.036841,-0.042641,-0.038363,0.006828,0.004396,0.036696,-0.041803,-0.028185,-0.045849,0.045785,-0.023745,-0.027481,-0.036005,-0.012869,0.024975,-0.045231,-0.037428,0.049786,-0.040856,-0.041571,0.025547,-0.010271,-0.03376,-0.046324,0.054049,-0.037586,-0.032256
13.1,-0.012472,-0.044018,0.053912,-0.036382,-0.042982,-0.037746,0.009467,0.001885,0.03539,-0.04247,-0.02693,-0.045968,0.047719,-0.025552,-0.026604,-0.035023,-0.010799,0.022962,-0.045351,-0.038094,0.049044,-0.040551,-0.041433,0.028126,-0.008316,-0.035018,-0.046475,0.054808,-0.036732,-0.031622
13.1,-0.010753,-0.043913,0.053694,-0.035872,-0.043241,-0.037131,0.012136,-0.000584,0.034027,-0.043078,-0.025632,-0.046014,0.049482,-0.027303,-0.025713,-0.033995,-0.008692,0.020914,-0.045418,-0.038709,0.048229,-0.040216,-0.041272,0.030672,-0.006367,-0.036226,-0.04655,0.055401,-0.035854,-0.030957
13.1,-0.008956,-0.043769,0.053354,-0.035306,-0.043436,-0.036507,0.01486,-0.003039,0.0326,-0.04362,-0.024276,-0.04601,0.051077,-0.029007,-0.024782,-0.032915,-0.006523,0.018819,-0.045443,-0.039315,0.047331,-0.039825,-0.041099,0.033201,-0.004371,-0.037392,-0.046571,0.055824,-0.034954,-0.030233
13.1,-0.007091,-0.043578,0.052901,-0.034677,-0.043578,-0.03589,0.017603,-0.005432,0.031136,-0.044102,-0.02287,-0.045943,0.052481,-0.03064,-0.023811,-0.031794,-0.004327,0.016717,-0.04541,-0.039903,0.046371,-0.039394,-0.0409,0.035656,-0.002335,-0.038496,-0.046531,0.056094,-0.034042,-0.029455
13.1,-0.005155,-0.04335,0.052349,-0.033993,-0.043667,-0.035268,0.02037,-0.007779,0.029623,-0.044525,-0.021402,-0.045808,0.053712,-0.032219,-0.022789,-0.030624,-0.00208,0.014599,-0.045333,-0.040471,0.045343,-0.038917,-0.040672,0.038044,-0.000247,-0.03955,-0.046425,0.056216,-0.033109,-0.028632
13.1,-0.003139,-0.043079,0.051683,-0.033253,-0.043718,-0.034627,0.023175,-0.010104,0.028053,-0.044924,-0.019852,-0.045609,0.054789,-0.033752,-0.021711,-0.029395,0.00024,0.012454,-0.04523,-0.041029,0.044238,-0.038396,-0.040412,0.04037,0.001917,-0.040575,-0.046255,0.056191,-0.032149,-0.027759
13.1,-0.001065,-0.042763,0.050922,-0.032468,-0.043736,-0.033985,0.025968,-0.012366,0.026442,-0.04529,-0.018255,-0.045343,0.055709,-0.035228,-0.020584,-0.028131,0.002586,0.010308,-0.045102,-0.041562,0.043067,-0.037843,-0.04012,0.042596,0.004145,-0.041551,-0.046012,0.056027,-0.031179,-0.026833
13.2,0.001051,-0.042398,0.050069,-0.031647,-0.04374,-0.03334,0.028726,-0.014562,0.024793,-0.045616,-0.016597,-0.045018,0.056459,-0.036622,-0.019411,-0.026826,0.00496,0.008171,-0.044935,-0.042083,0.041835,-0.037253,-0.039795,0.044713,0.006428,-0.042472,-0.04571,0.055717,-0.030207,-0.025853
13.2,0.003253,-0.041978,0.04912,-0.030764,-0.043738,-0.032672,0.03149,-0.016725,0.023093,-0.045912,-0.014854,-0.044619,0.057049,-0.037966,-0.018158,-0.025466,0.007411,0.006014,-0.044742,-0.042593,0.040537,-0.0366,-0.039431,0.046765,0.008812,-0.043349,-0.045349,0.055273,-0.029211,-0.024795
13.2,0.005489,-0.041518,0.0481,-0.029844,-0.04373,-0.031996,0.034197,-0.018815,0.021368,-0.046186,-0.013055,-0.04416,0.057468,-0.039237,-0.01684,-0.024074,0.009887,0.003878,-0.044531,-0.043087,0.039193,-0.035918,-0.039028,0.048707,0.011266,-0.044179,-0.044924,0.054704,-0.028211,-0.023688
13.2,0.007743,-0.041032,0.047011,-0.028886,-0.043713,-0.031305,0.036834,-0.020832,0.019621,-0.04642,-0.011196,-0.04363,0.05771,-0.040434,-0.015477,-0.022643,0.012392,0.001771,-0.044298,-0.043539,0.037802,-0.035207,-0.038575,0.050512,0.013748,-0.044945,-0.044446,0.054023,-0.027205,-0.022538
13.2,0.010066,-0.040495,0.045834,-0.027864,-0.043699,-0.030583,0.039454,-0.022808,0.017821,-0.046603,-0.009252,-0.043036,0.057781,-0.041581,-0.014034,-0.021169,0.014951,-0.000345,-0.044014,-0.043976,0.036351,-0.034435,-0.038072,0.052173,0.016316,-0.045655,-0.043916,0.053223,-0.026179,-0.021311
13.2,0.012414,-0.03993,0.044601,-0.026793,-0.043691,-0.029856,0.042001,-0.024704,0.016013,-0.046746,-0.007256,-0.042392,0.057677,-0.042664,-0.012522,-0.019663,0.017531,-0.002425,-0.043684,-0.044384,0.034854,-0.033621,-0.037525,0.053625,0.018904,-0.04631,-0.043363,0.052324,-0.025154,-0.020018
13.2,0.014792,-0.039341,0.043318,-0.02567,-0.043683,-0.029104,0.044497,-0.026537,0.014187,-0.046854,-0.005196,-0.041689,0.05741,-0.043694,-0.010947,-0.018133,0.020138,-0.004478,-0.043326,-0.044762,0.03333,-0.032767,-0.036926,0.054868,0.021533,-0.046905,-0.042781,0.051344,-0.024114,-0.018655
13.2,0.017234,-0.038711,0.041972,-0.024484,-0.043661,-0.028309,0.046935,-0.028314,0.012334,-0.04692,-0.00305,-0.040918,0.056972,-0.044667,-0.009293,-0.016547,0.022785,-0.006512,-0.042923,-0.04511,0.031753,-0.031864,-0.036262,0.055903,0.0242,-0.047451,-0.042175,0.050275,-0.023045,-0.017224
13.2,0.019697,-0.038054,0.040587,-0.023238,-0.043626,-0.027486,0.049266,-0.030006,0.010475,-0.046949,-0.000853,-0.040093,0.056387,-0.045567,-0.007562,-0.014947,0.025442,-0.008498,-0.042484,-0.045415,0.030151,-0.03091,-0.035538,0.056726,0.026861,-0.047941,-0.041548,0.049131,-0.021963,-0.015713
13.2,0.022208,-0.037345,0.039151,-0.02192,-0.043583,-0.026627,0.05147,-0.031645,0.008593,-0.04694,0.001414,-0.039207,0.055654,-0.046425,-0.005752,-0.01331,0.028117,-0.010463,-0.042006,-0.045697,0.028503,-0.0299,-0.034756,0.057359,0.029545,-0.048386,-0.040922,0.047904,-0.020856,-0.01414
13.2,0.024725,-0.036606,0.037681,-0.02056,-0.043526,-0.025738,0.053501,-0.033218,0.006713,-0.046908,0.003725,-0.038276,0.054799,-0.047231,-0.003882,-0.011651,0.030778,-0.012378,-0.041502,-0.045947,0.02683,-0.028851,-0.033924,0.057807,0.032199,-0.048786,-0.0403,0.046621,-0.019734,-0.012499
13.2,0.027281,-0.03583,0.036172,-0.019146,-0.043442,-0.0248,0.055364,-0.034721,0.004823,-0.046852,0.00611,-0.037287,0.053829,-0.047978,-0.001925,-0.00996,0.033449,-0.014256,-0.040967,-0.046151,0.02513,-0.027749,-0.033024,0.058093,0.034844,-0.049147,-0.039663,0.04527,-0.018576,-0.010783
13.2,0.029829,-0.03501,0.034635,-0.017667,-0.043327,-0.023814,0.057027,-0.03616,0.002947,-0.046757,0.008536,-0.03625,0.052762,-0.048665,0.000104,-0.008245,0.036083,-0.016077,-0.040382,-0.046294,0.023412,-0.0266,-0.032057,0.058203,0.037476,-0.049444,-0.039018,0.043866,-0.017388,-0.009001
13.3,0.032417,-0.034138,0.033055,-0.016125,-0.043199,-0.022772,0.058522,-0.037532,0.001056,-0.046635,0.011036,-0.03517,0.051594,-0.049298,0.002233,-0.006482,0.038712,-0.017864,-0.039755,-0.046402,0.021654,-0.025392,-0.031021,0.058141,0.040113,-0.049701,-0.038364,0.042409,-0.016156,-0.007123
13.3,0.034961,-0.033232,0.031459,-0.014541,-0.043059,-0.0217,0.059814,-0.038834,-0.000811,-0.046492,0.013556,-0.03408,0.050345,-0.049858,0.004404,-0.004716,0.041279,-0.019589,-0.039116,-0.046476,0.019891,-0.02416,-0.029948,0.057889,0.042706,-0.049919,-0.03772,0.04091,-0.014901,-0.0052
13.3,0.037507,-0.03229,0.029823,-0.012908,-0.042878,-0.020572,0.060922,-0.040077,-0.002679,-0.04632,0.016123,-0.032956,0.049006,-0.050356,0.006644,-0.002921,0.043797,-0.021276,-0.03844,-0.046485,0.018109,-0.022872,-0.028808,0.057457,0.045277,-0.050096,-0.037069,0.03937,-0.013604,-0.003214
13.3,0.040055,-0.031301,0.028163,-0.01121,-0.042647,-0.019373,0.061834,-0.041253,-0.004544,-0.046115,0.018739,-0.031797,0.047591,-0.050781,0.008963,-0.001082,0.046275,-0.022913,-0.037732,-0.04642,0.016302,-0.021528,-0.027593,0.056845,0.047801,-0.050223,-0.036392,0.037777,-0.012252,-0.001161
13.3,0.042615,-0.030267,0.02648,-0.009444,-0.042391,-0.018117,0.062543,-0.042356,-0.006392,-0.045861,0.021394,-0.030631,0.046118,-0.051149,0.011355,0.000791,0.048688,-0.024498,-0.036999,-0.046312,0.014485,-0.020133,-0.026323,0.05609,0.050276,-0.050295,-0.035726,0.036158,-0.010845,0.000952
13.3,0.045166,-0.029207,0.024793,-0.007644,-0.04211,-0.016822,0.063027,-0.043376,-0.008205,-0.045577,0.02405,-0.029481,0.044603,-0.051447,0.013774,0.002671,0.051015,-0.026014,-0.036254,-0.046162,0.012679,-0.018695,-0.025022,0.055214,0.052665,-0.050316,-0.035087,0.03452,-0.009418,0.003091
13.3,0.047733,-0.0281,0.023076,-0.005779,-0.041774,-0.015459,0.063281,-0.044343,-0.010015,-0.045263,0.026746,-0.028313,0.04302,-0.051699,0.016279,0.004597,0.053263,-0.027493,-0.03548,-0.045936,0.010845,-0.017208,-0.023652,0.054206,0.055058,-0.05029,-0.03444,0.032827,-0.007927,0.00529
13.3,0.050256,-0.026955,0.021341,-0.003859,-0.041381,-0.014032,0.06331,-0.045239,-0.011807,-0.044902,0.029452,-0.027127,0.041401,-0.051907,0.018825,0.006551,0.055383,-0.028926,-0.034693,-0.045632,0.009011,-0.015661,-0.022228,0.053104,0.057407,-0.050205,-0.033784,0.031115,-0.006383,0.007527
13.3,0.052705,-0.025766,0.019596,-0.001876,-0.040945,-0.012534,0.063131,-0.04606,-0.013575,-0.044495,0.032173,-0.025932,0.039748,-0.052061,0.021445,0.008545,0.057364,-0.030305,-0.033886,-0.045272,0.007177,-0.014065,-0.020745,0.051918,0.059669,-0.050061,-0.033134,0.029383,-0.004775,0.009807
13.3,0.055067,-0.024548,0.017859,0.000162,-0.04048,-0.01099,0.06276,-0.0468,-0.015305,-0.044048,0.034883,-0.024749,0.038085,-0.052153,0.024114,0.010563,0.059173,-0.031613,-0.033065,-0.044864,0.005363,-0.012416,-0.019239,0.050665,0.061806,-0.049859,-0.03249,0.027647,-0.003129,0.012136
13.3,0.057299,-0.023295,0.016122,0.002262,-0.039964,-0.009392,0.062208,-0.047471,-0.017006,-0.043549,0.037577,-0.023566,0.036393,-0.052188,0.026832,0.012604,0.060788,-0.032873,-0.032223,-0.044394,0.00355,-0.010716,-0.017689,0.049334,0.063745,-0.049605,-0.031834,0.025897,-0.00143,0.014505
13.3,0.059437,-0.021989,0.014351,0.004442,-0.03938,-0.007705,0.061472,-0.048094,-0.018702,-0.042996,0.04027,-0.022361,0.03465,-0.052169,0.029616,0.014701,0.062214,-0.034108,-0.031348,-0.043854,0.001717,-0.008951,-0.016082,0.047906,0.065498,-0.0493,-0.031148,0.024114,0.000349,0.016937
13.4,0.061489,-0.020652,0.012587,0.006676,-0.038739,-0.005964,0.060589,-0.048646,-0.020366,-0.042401,0.042919,-0.021157,0.032904,-0.052091,0.032389,0.016826,0.063431,-0.035283,-0.030458,-4.33E-02,-9.80E-05,-0.007144,-0.014438,0.046436,0.067113,-0.048948,-0.030428,0.022333,0.002178,0.019412
13.4,0.063371,-0.019291,0.010842,0.008975,-0.038065,-0.004173,0.059568,-0.04914,-0.021981,-0.041765,0.045527,-0.019958,0.031163,-0.051951,0.035137,0.018981,0.06444,-0.036397,-0.029545,-0.042646,-0.001877,-0.005285,-0.012772,0.044917,0.068557,-0.048543,-0.029691,0.020562,0.004055,0.021927
13.4,0.065,-0.01788,0.009106,0.011355,-0.03734,-0.002313,0.058407,-0.049554,-0.023556,-0.041085,0.048085,-0.018763,0.029403,-0.051744,0.037866,0.021177,0.065231,-0.037458,-0.028595,-0.041994,-0.003643,-0.003369,-0.011079,4.34E-02,0.069713,-0.048085,-0.028927,0.018783,0.005994,0.024514
13.4,0.066364,-0.016431,0.007363,0.013796,-0.036541,-0.000397,0.057114,-0.049927,-0.025112,-0.040358,0.050559,-0.017563,0.027625,-0.051482,0.040583,0.023396,0.065783,-0.03848,-0.027612,-0.041277,-0.005405,-0.001403,-0.009353,0.041739,0.07055,-0.047575,-0.028113,0.016997,0.007986,0.027159
13.4,0.067524,-0.014951,0.005621,0.016309,-0.035687,0.001582,0.055704,-0.050255,-0.026629,-0.039601,0.052939,-0.016357,0.02584,-0.051182,0.043281,0.025643,0.066104,-0.039463,-0.026604,-0.040511,-0.007154,0.000607,-0.007593,0.040099,0.071114,-0.047034,-0.027246,0.015213,0.010036,0.029861
13.4,0.068523,-0.013437,0.003894,0.018866,-0.034788,0.003613,0.054198,-0.050505,-0.028103,-0.038811,0.055232,-0.015159,0.024062,-0.050811,0.045952,0.027923,0.066205,-0.040384,-0.025566,-0.039705,-0.008866,0.00266,-0.00582,0.038436,0.071501,-0.046435,-0.026345,0.013434,0.012141,0.032638
13.4,0.06937,-0.011885,0.002199,0.021474,-0.033846,0.00569,0.052608,-0.05069,-0.029516,-0.03797,0.057404,-0.013962,0.022297,-0.050382,0.048557,0.03022,0.066092,-0.041247,-0.024485,-0.03886,-0.010543,0.004754,-0.004035,0.036758,0.071654,-0.045775,-0.025409,0.011674,0.01429,0.03546
13.4,0.069957,-0.010282,0.000493,0.024127,-0.032832,0.007831,0.050935,-0.050822,-0.030908,-0.037084,0.059459,-0.012745,0.020517,-0.049905,0.051062,0.032542,0.06577,-0.042072,-0.023357,-0.037944,-0.012216,0.006914,-0.002216,0.035054,0.071533,-0.045065,-0.02441,0.009903,0.0165,0.038348
13.4,0.070256,-0.008641,-0.001217,0.026792,-0.031753,0.010027,0.049202,-0.050903,-0.032273,-0.036164,0.061369,-0.011514,0.018735,-0.049379,0.05345,0.034866,0.065245,-0.042857,-0.022198,-0.036961,-0.01387,0.009119,-0.00037,0.03333,0.071126,-0.044297,-0.023353,0.008136,0.018756,0.041291
13.4,0.070209,-0.006977,-0.002891,0.029446,-0.030639,0.01226,0.047424,-0.050929,-0.033577,-0.035199,0.063124,-0.010283,0.016977,-0.048793,0.055749,0.03719,0.064514,-0.043598,-0.020998,-0.035937,-0.015483,0.011349,0.001482,0.031603,0.070441,-0.043469,-0.022262,0.006391,0.021055,0.044256
13.4,0.069814,-0.005278,-0.00454,0.03208,-0.02949,0.014512,0.045618,-0.050886,-0.034823,-0.034195,0.064703,-0.009053,0.015248,-0.048156,0.057998,0.039486,0.063586,-0.044285,-0.019762,-0.034875,-0.017056,0.013611,0.003329,0.029882,0.069516,-0.042588,-0.021138,0.004668,0.023376,0.047203
13.4,0.069177,-0.003537,-0.006179,0.034709,-0.028286,0.016801,0.043785,-0.0508,-0.03603,-0.033143,0.066092,-0.007793,0.013534,-0.047451,0.060224,0.041756,0.062462,-0.044941,-0.018483,-0.033753,-0.018593,0.015912,0.005195,0.028169,0.068372,-0.04165,-0.019953,0.002962,0.02573,0.05006
13.4,0.06833,-0.001741,-0.007813,0.037363,-0.027014,0.019148,0.041907,-0.050668,-0.037205,-0.032037,0.067277,-0.006496,0.011813,-0.046691,0.062314,0.044011,0.061139,-0.045576,-0.017154,-0.032565,-0.020127,0.018281,0.007096,0.026434,0.066984,-0.040659,-0.0187,0.001254,0.028138,0.052745
13.5,0.067334,6.80E-05,-0.009423,0.039995,-0.025713,0.021495,0.040022,-0.050484,-0.038317,-0.030899,0.068227,-0.005197,0.010133,-0.045881,0.064084,0.046202,0.059659,-0.046173,-0.015789,-0.031351,-0.021608,0.020663,0.008984,0.024715,0.065333,-0.039629,-0.01742,-0.000428,0.030541,0.055176
13.5,0.066139,0.001923,-0.011008,0.042656,-0.024381,0.023868,0.038109,-0.050247,-0.039374,-0.02971,0.068945,-0.003867,0.008474,-0.045008,0.065489,0.048337,0.058031,-0.046719,-0.014378,-0.030104,-0.023055,0.023103,0.010884,0.023006,0.06332,-0.038545,-0.016097,-0.002087,0.032961,0.057396
13.5,0.064774,0.00381,-0.012556,0.045324,-0.023017,0.026248,0.036193,-0.049952,-0.040374,-0.028483,0.069429,-0.002521,0.006845,-0.044082,0.066599,0.050382,0.0563,-0.047221,-0.012925,-0.028823,-0.024449,0.025573,0.01278,0.021319,0.061085,-0.037421,-0.01473,-0.003705,0.035367,0.059449
13.5,0.063274,0.005749,-0.01411,0.048027,-0.021592,0.028663,0.034248,-0.049624,-0.04134,-0.027205,0.069689,-0.001127,0.005231,-0.043097,0.067565,0.05236,0.054465,-0.04768,-0.011417,-0.027491,-0.025831,0.028105,0.014707,0.019623,0.058827,-0.036246,-0.013301,-0.005327,0.037783,0.061413
13.5,0.061637,0.007724,-0.015629,0.050748,-0.020127,0.031097,0.032285,-0.049265,-0.042256,-0.025881,0.069715,0.000313,0.003636,-0.042061,0.068379,0.054251,0.052542,-0.048102,-0.009868,-0.026122,-0.027178,0.030677,0.016645,0.017936,0.056737,-0.035028,-0.011815,-0.006919,0.040194,0.063268
13.5,0.05984,0.009724,-0.017112,0.053436,-0.018654,0.033523,0.03033,-0.048857,-0.0431,-0.024523,0.069503,0.001757,0.002089,-0.040976,0.069011,0.056036,0.050567,-0.048449,-0.008285,-0.024753,-0.028458,0.033266,0.01857,0.016284,0.054733,-0.033772,-0.010317,-0.008465,0.042564,0.064984
13.5,0.057836,0.011772,-0.018559,0.056059,-0.017155,0.035945,0.028364,-0.048416,-0.04389,-0.023114,0.069044,0.003239,0.000562,-0.039829,0.069499,0.057719,0.048538,-0.048758,-0.006635,-0.02336,-0.029707,0.035864,0.020495,0.014634,0.052639,-0.032462,-0.008772,-0.009986,0.044906,0.066588
13.5,0.055561,0.013867,-0.02,0.058569,-0.01559,0.03839,0.026383,-0.047937,-0.044639,-0.021647,0.068328,0.004778,-0.000949,-0.038633,0.069744,0.059291,0.046452,-0.049024,-0.004936,-0.021914,-0.030934,0.038472,0.02245,0.012989,0.050379,-0.031107,-0.007165,-0.011491,0.047237,0.068063
13.5,0.053037,0.015986,-0.021397,0.060856,-0.014005,0.040819,0.024409,-0.047425,-0.04533,-0.020163,0.067381,0.006357,-0.002428,-0.0374,0.069608,0.060716,0.044351,-0.04924,-0.003206,-0.020448,-0.032114,0.041025,0.024405,0.011363,0.04798,-0.029711,-0.005511,-0.012959,0.049529,0.069375
13.5,0.050383,0.018135,-0.02275,0.062895,-0.012412,0.043229,0.022451,-0.04687,-0.045955,-0.018627,0.066214,0.007953,-0.003861,-0.036121,0.069045,0.061963,0.042232,-0.049402,-0.001424,-0.018985,-0.033246,0.043535,0.02635,0.009761,0.045552,-0.028278,-0.003842,-0.014379,0.051758,0.070451
13.5,0.047762,0.020327,-0.024067,0.064707,-0.010798,0.045599,0.020496,-0.046275,-0.046516,-0.017049,0.06486,0.009581,-0.00527,-0.034784,0.068158,0.063014,0.0401,-0.049512,0.000413,-0.017505,-0.03433,0.046013,0.028286,0.008176,0.043188,-0.026786,-0.002147,-0.015762,0.053901,0.071149
13.5,0.045304,0.02255,-0.025358,0.066331,-0.009153,0.047927,0.018541,-0.045626,-0.047032,-0.015419,0.063352,0.011257,-0.006654,-0.033407,0.067076,0.063861,0.03795,-0.049571,0.002305,-0.015997,-0.035389,0.048471,0.030224,0.006589,0.040933,-0.025252,-0.000397,-0.017129,0.055932,0.071407
13.6,0.042983,0.024796,-0.026615,0.067794,-0.007465,0.050225,0.01659,-0.044946,-0.047497,-0.013747,0.06171,0.01298,-0.00802,-0.031989,0.065831,0.064525,0.035792,-0.049589,0.00424,-0.014462,-0.036414,0.050911,0.032172,0.00501,0.038763,-0.023664,0.001397,-0.018456,0.05784,0.07127
13.6,0.040706,0.027061,-0.02782,0.069072,-0.00578,0.05244,0.014674,-0.044227,-0.047903,-0.012061,0.059959,0.014723,-0.00933,-0.030547,0.064433,0.064978,0.033652,-0.04955,0.006208,-0.012936,-0.037385,0.053324,0.034095,0.003468,0.036621,-0.022065,0.003201,-0.019729,0.059576,0.070838
13.6,0.038333,0.029348,-0.028987,0.070095,-0.004086,0.054563,0.012774,-0.043453,-0.048247,-0.010315,0.058085,0.016493,-0.010608,-0.029052,0.062845,0.065202,0.031509,-0.04946,0.008229,-0.011403,-0.038311,0.055673,0.035995,0.001936,0.034427,-0.020398,0.005024,-0.020965,0.061124,0.07018
13.6,0.035888,0.031675,-0.030137,0.070795,-0.002359,0.056605,0.010868,-0.042623,-0.048531,-0.008508,0.056074,0.018305,-0.011881,-0.027496,0.061079,0.065186,0.029345,-0.049307,0.010318,-0.009846,-0.039208,0.057941,0.037885,0.000399,0.032122,-0.018675,0.006883,-0.022185,0.062509,0.069299
13.6,0.033501,0.033996,-0.031234,0.071155,-0.000626,0.058529,0.009005,-0.041773,-0.048764,-0.006689,0.053966,0.020133,-0.013115,-0.025925,0.059164,0.06493,0.027207,-0.049115,0.012423,-0.00829,-0.040052,0.060057,0.039738,-0.001118,0.029738,-0.01694,0.008755,-0.023349,0.063731,0.06825
13.6,0.031084,0.036333,-0.032288,0.071191,0.00112,0.06035,0.00717,-0.040884,-0.04894,-0.004828,0.051752,0.022,-0.014307,-0.024311,0.057065,0.064448,0.025076,-0.048857,0.014568,-0.006718,-0.040846,0.062012,0.04158,-0.002604,0.02727,-0.015168,0.010653,-0.024467,0.064816,0.067031
13.6,0.028682,0.038669,-0.033301,0.070974,0.002874,0.062031,0.00535,-0.03994,-0.049052,-0.002923,0.049451,0.023892,-0.015477,-0.022638,0.05479,0.063747,0.022953,-0.048529,0.01675,-0.005146,-0.041589,0.063816,0.04339,-0.004091,0.024759,-0.013344,0.012566,-0.025549,0.065727,0.065656
13.6,0.026404,0.040996,-0.034277,0.070564,0.00464,0.063538,0.003558,-0.038959,-0.049114,-0.000982,0.047082,0.025802,-0.016621,-0.020933,0.052426,0.062843,0.020849,-0.048151,0.018967,-0.003554,-0.042295,0.0655,0.045153,-0.005555,0.022284,-0.01149,0.014487,-0.026592,0.066416,0.064092
13.6,0.024217,0.043323,-0.035216,0.069961,0.006423,0.064872,0.001779,-0.037943,-0.049136,0.001015,0.04465,0.02774,-0.017752,-0.019186,0.050002,0.061742,0.018759,-0.047716,0.021241,-0.001949,-0.042957,0.067064,0.046881,-0.007023,0.019806,-0.009595,0.016425,-0.027604,0.066859,0.062276
13.6,0.022071,0.045567,-0.0361,0.069135,0.008189,0.066023,5.90E-05,-0.036889,-0.049096,0.003027,0.042205,0.029682,-0.018844,-0.017412,0.047602,0.060461,0.016718,-0.047229,0.023512,-0.000354,-0.043565,0.068424,0.048569,-0.008452,0.017366,-0.00769,0.018353,-0.028564,0.067064,0.060166
13.6,0.019883,0.047736,-0.036925,0.068038,0.009981,0.066988,-0.001636,-0.035777,-0.04899,0.005084,0.039714,0.031655,-0.019914,-0.015589,0.045213,0.058971,0.014696,-0.046663,0.025809,0.001276,-0.044124,0.06952,0.05023,-0.009868,0.014911,-0.005744,0.020309,-0.029478,0.067031,0.057797
13.6,0.017697,0.049818,-0.037705,0.066698,0.011768,0.067744,-0.003301,-0.03463,-0.04884,0.007166,0.037217,0.033622,-0.020966,-0.013753,0.042844,0.057309,0.01271,-0.046045,0.028128,0.002906,-0.04463,0.070303,0.051829,-0.011272,0.012542,-0.003786,0.022258,-0.030361,0.06678,0.055374
13.6,0.015511,0.051825,-0.038444,0.065133,0.013557,0.06829,-0.004931,-0.033445,-0.048651,0.009287,0.034712,0.03558,-0.022011,-0.011889,0.040459,0.05549,0.010758,-0.045373,0.030465,0.00455,-0.045111,0.070765,0.053367,-0.01266,0.010269,-0.0018,0.024204,-0.031218,0.06633,0.053018
13.7,0.013317,0.053771,-0.039124,0.063329,0.015344,0.068614,-0.006522,-0.032196,-0.048405,0.011448,0.0322,0.037522,-0.023025,-0.009992,0.037978,0.053536,0.008843,-0.044624,0.032817,0.006201,-0.045528,0.070925,0.054821,-0.014028,0.008072,0.000216,0.026147,-0.032023,0.065675,0.050711
13.7,0.011129,0.055644,-0.03973,0.061274,0.017137,0.068709,-0.008076,-0.030878,-0.048091,0.013637,0.029688,0.039443,-0.024017,-0.008068,0.035412,0.051476,0.006972,-0.043797,0.035166,0.007866,-0.045885,0.07078,0.056181,-0.015368,0.005927,0.002254,0.028095,-0.032781,0.064821,0.048374
13.7,0.00899,0.057455,-0.040298,0.058985,0.018924,0.068575,-0.009583,-0.029518,-0.047731,0.015837,0.027193,0.041328,-0.024993,-0.006137,0.0328,0.049341,0.005144,-0.042924,0.037486,0.009546,-0.04621,0.070371,0.057414,-0.016685,0.003837,0.004298,0.030035,-0.033514,0.063774,0.04595
13.7,0.006928,0.059208,-0.040825,0.056531,0.020713,0.0682,-0.011064,-0.028121,-0.047338,0.01807,0.024705,0.043164,-0.025965,-0.004191,0.030228,0.047133,0.003352,-0.042005,0.039787,0.011237,-0.046484,0.069707,0.058499,-0.017993,0.001803,0.006359,0.03196,-0.034226,0.062523,0.043445
13.7,0.004951,0.06086,-0.041307,0.053998,0.022492,0.067587,-0.012496,-0.026652,-0.04688,0.020323,0.022234,0.044938,-0.026913,-0.002224,0.027705,0.044864,0.001598,-0.041022,0.042068,0.012929,-0.046695,0.068788,0.059419,-0.01927,-0.00017,0.008438,0.033863,-0.03489,0.061072,0.040869
13.7,0.003025,0.062382,-0.041726,0.051402,0.024253,0.066751,-0.013887,-0.025132,-0.046355,0.022604,0.019785,0.04665,-0.027844,-0.000233,0.025228,0.042554,-0.000113,-0.039972,0.044327,0.014626,-0.046836,0.067578,0.060177,-0.020516,-0.002104,0.010546,0.03574,-0.035519,0.059429,0.038225
13.7,0.001136,0.063721,-0.042115,0.048733,0.025999,0.065707,-0.015226,-0.023555,-0.04578,0.024888,0.017383,0.048292,-0.028755,0.001765,0.022794,0.040213,-0.001763,-0.038873,0.046544,0.016329,-0.046926,0.06607,0.060775,-0.021726,-0.003997,0.01266,0.037589,-0.03612,0.057612,0.035492
13.7,-0.000713,0.064869,-0.042459,0.046027,0.027752,0.064459,-0.016533,-0.021948,-0.045165,0.027184,0.014991,0.049868,-0.029662,0.003765,0.020423,0.037826,-0.003396,-0.037733,0.048719,0.018054,-0.046964,0.064298,0.061218,-0.022924,-0.005838,0.014779,0.039423,-0.036688,0.055627,0.0327
13.7,-0.002535,0.065804,-0.042759,0.043338,0.029488,0.063024,-0.01781,-0.020293,-0.044484,0.029485,0.012637,0.051363,-0.030561,0.005773,0.01809,0.035423,-0.004997,-0.03654,0.050848,0.01978,-0.046943,0.062322,0.061485,-0.024103,-0.007631,0.016913,0.04122,-0.037241,0.053509,0.029909
13.7,-0.004332,0.066503,-0.043013,0.040699,0.031194,0.061403,-0.019033,-0.018568,-0.043739,0.031806,0.010332,0.052751,-0.031437,0.00781,0.015788,0.032999,-0.006546,-0.03528,0.052927,0.021504,-0.046852,0.060177,0.061556,-0.025235,-0.009367,0.01908,0.04297,-0.037747,0.051275,0.027157
13.7,-0.006093,0.066929,-0.043204,0.03813,0.032866,0.059619,-0.020205,-0.016807,-0.04293,0.034121,0.008079,0.054037,-0.032282,0.009841,0.01353,0.030583,-0.008055,-0.033956,0.054914,0.023215,-0.046694,0.0579,0.061423,-0.026323,-0.011032,0.021242,0.044673,-0.03822,0.048963,0.024479
13.7,-0.00782,0.067066,-0.043358,0.035561,0.034534,0.057671,-0.021342,-0.015016,-0.04208,0.036427,0.005864,0.055221,-0.033124,0.011869,0.011292,0.028167,-0.009536,-0.032583,0.056797,0.024933,-0.046501,0.05549,0.061073,-0.02739,-0.012625,0.023399,0.046342,-0.038669,0.046585,0.021883
13.8,-0.009534,0.066899,-0.043488,0.03296,0.036183,0.055563,-0.022443,-0.013181,-0.041186,0.03873,0.003702,0.056274,-0.033946,0.013906,0.009074,0.025753,-0.010989,-0.031168,0.058565,0.026662,-0.046274,0.052953,0.060491,-0.028427,-0.014172,0.025563,0.047954,-0.03911,0.044148,0.01938
13.8,-0.011247,0.066457,-0.04356,0.030329,0.037809,0.053307,-0.023507,-0.011286,-0.040214,0.041044,0.001584,0.057181,-0.034741,0.015955,0.00688,0.023357,-0.012416,-0.029664,0.060208,0.028392,-0.045974,0.050342,0.059674,-0.029426,-0.01566,0.027736,0.049506,-0.039505,0.041664,0.01693
13.8,-0.012918,0.065758,-0.043581,0.027666,0.0394,0.050926,-0.024521,-0.009341,-0.039176,0.043339,-0.000469,0.057917,-0.0355,0.018007,0.004743,0.020991,-0.013805,-0.028099,0.061692,0.030103,-0.045602,0.047707,0.058627,-0.030377,-0.017092,0.029906,0.05097,-0.039871,0.03916,0.014565
13.8,-0.014551,0.064823,-0.043573,0.024992,0.040945,0.048446,-0.025487,-0.007372,-0.038093,0.045598,-0.00245,0.05849,-0.036236,0.020046,0.002658,0.018673,-0.015157,-0.026488,0.062997,0.031794,-0.045189,0.045063,0.057365,-0.031285,-0.018444,0.032062,0.052342,-0.040226,0.036642,0.012278
13.8,-0.016178,0.063657,-0.043531,0.0223,0.042466,0.045861,-0.026431,-0.005374,-0.036957,0.047818,-0.004384,0.058905,-0.036946,0.022076,0.000602,0.016387,-0.01649,-0.024833,0.064134,0.033491,-0.044712,0.042374,0.055892,-0.03217,-0.019764,0.034205,0.053629,-0.040562,0.034101,0.010024
13.8,-0.017777,0.062253,-0.043452,0.019605,0.043959,0.043197,-0.027341,-0.00333,-0.035753,0.049991,-0.006267,0.059165,-0.03763,0.024105,-0.001431,0.014131,-0.017803,-0.023118,0.065106,0.035186,-0.044172,0.039616,0.054239,-0.033015,-0.021061,0.03634,0.05483,-0.040884,0.031538,0.007773
13.8,-0.019357,0.060627,-0.043324,0.016935,0.045408,0.04047,-0.028205,-0.001232,-0.034477,0.052112,-0.008075,0.059251,-0.038276,0.026142,-0.003435,0.011926,-0.019083,-0.021325,0.065921,0.03685,-0.043548,0.03679,0.052427,-0.033811,-0.02232,0.038476,0.055923,-0.041179,0.028967,0.005522
13.8,-0.020884,0.058821,-0.043161,0.014345,0.046789,0.037709,-0.029022,0.00089,-0.033149,0.054162,-0.009809,0.059146,-0.038878,0.028164,-0.005381,0.009773,-0.020323,-0.019492,0.066558,0.038469,-0.04287,0.033956,0.050494,-0.034561,-0.023537,0.040597,0.056882,-0.041437,0.026397,0.003294
13.8,-0.022376,0.05684,-0.042965,0.011806,0.048127,0.034913,-0.029819,0.003043,-0.031757,0.05613,-0.011503,0.058838,-0.039456,0.030172,-0.007292,0.007654,-0.021553,-0.017612,0.066966,0.040059,-0.042149,0.031132,0.048455,-0.035285,-0.024736,0.0427,0.057708,-0.041678,0.02381,0.001075
13.8,-0.023819,0.054702,-0.042745,0.009343,0.049397,0.032136,-0.030595,0.005206,-0.03032,0.057992,-0.013126,0.058342,-0.040002,0.032147,-0.009168,0.005601,-0.022756,-0.015699,0.067113,0.041606,-0.041377,0.028339,0.046353,-0.035971,-0.025917,0.044763,0.058391,-0.0419,0.02126,-0.001124
13.8,-0.025221,0.052397,-0.04249,0.006912,0.05059,0.029349,-0.031332,0.007408,-0.028801,0.059768,-0.014668,0.057638,-0.040495,0.034114,-0.011012,0.0036,-0.02392,-0.013723,0.066989,0.043111,-0.040547,0.025548,0.044159,-0.036599,-0.027084,0.046806,0.058915,-0.042079,0.018713,-0.003302
13.8,-0.026533,0.049968,-0.042188,0.004567,0.051682,0.026553,-0.032027,0.00963,-0.027217,0.061456,-0.016153,0.056727,-0.040934,0.036067,-0.012798,0.001641,-0.025047,-0.0117,0.066628,0.044554,-0.039663,0.022793,0.041865,-0.037172,-0.028211,0.048823,0.059266,-0.042211,0.016179,-0.005429
13.8,-0.027759,0.047464,-0.041855,0.002294,0.052666,0.023776,-0.032713,0.01186,-0.02557,0.063027,-0.017576,0.055635,-0.04134,0.037992,-0.01452,-0.000273,-0.026161,-0.009642,0.066054,0.045931,-0.038745,0.020096,0.039506,-0.037708,-0.029295,0.05079,0.059438,-0.042317,0.01367,-0.007489
13.9,-0.028922,0.044839,-0.041498,3.30E-05,0.053561,0.020993,-0.033399,0.014131,-0.02385,0.064487,-0.018955,0.054363,-0.041722,0.039907,-0.016212,-0.002156,-0.027258,-0.007522,0.065262,0.047269,-0.037775,0.017398,0.037056,-0.038233,-0.030368,0.052721,0.059439,-0.042411,0.011171,-0.009514
13.9,-0.030016,0.042147,-0.041096,-0.002175,0.054341,0.018252,-0.034034,0.016379,-0.022084,0.065789,-0.020243,0.052929,-0.042034,0.04177,-0.017841,-0.003965,-0.028297,-0.005386,0.064263,0.048524,-0.036757,0.014735,0.034567,-0.038677,-0.031431,0.05457,0.059256,-0.042446,0.008723,-0.011475
13.9,-0.031036,0.039376,-0.04064,-0.004316,0.055002,0.015541,-0.034629,0.018624,-0.020245,0.066932,-0.021452,0.051341,-0.042281,0.043595,-0.019419,-0.005724,-0.02929,-0.003214,0.063057,0.049696,-0.03568,0.012124,0.032042,-0.039075,-0.032484,0.05634,0.058883,-0.042431,0.00632,-0.013362
13.9,-0.031997,0.036536,-0.040164,-0.006415,0.055539,0.012829,-0.035239,0.020897,-0.018327,0.067921,-0.022625,0.049584,-0.0425,0.045408,-0.020954,-0.007469,-0.030278,-0.000975,0.061647,0.05079,-0.03455,0.009558,0.029467,-0.039456,-0.033537,0.058049,0.058323,-0.042392,0.003921,-0.01518
13.9,-0.032912,0.033688,-0.039651,-0.008449,0.055939,0.010163,-0.035832,0.023158,-0.016362,0.068743,-0.023745,0.047697,-0.042673,0.047179,-0.022448,-0.009183,-0.031235,0.001283,0.060059,0.051796,-0.033381,0.007074,0.026885,-0.039811,-0.034595,0.05967,0.057589,-0.042315,0.001567,-0.016903
13.9,-0.033791,0.030824,-0.039093,-0.010433,0.056189,0.00754,-0.036394,0.025406,-0.014333,0.069377,-0.024784,0.045688,-0.042782,0.0489,-0.023925,-0.010842,-0.032135,0.003571,0.058269,0.052704,-0.032151,0.004635,0.024314,-0.040116,-3.57E-02,0.061189,0.056684,-0.042178,-0.000739,-0.018562
13.9,-0.034633,0.027976,-0.038479,-0.012369,0.056274,0.004976,-0.036926,0.027635,-0.012246,0.069798,-0.025754,0.043585,-0.042836,0.050569,-0.025375,-0.012459,-0.032978,0.005888,0.05629,0.053508,-0.030854,0.002233,0.021762,-0.040366,-0.036667,0.062589,0.055617,-0.041982,-0.002989,-0.020166
13.9,-0.035454,0.025202,-0.037836,-0.01424,0.0562,0.002464,-0.037453,0.029838,-0.01011,0.070029,-0.026687,0.041407,-0.042848,0.052187,-0.026773,-0.014061,-0.033797,0.008231,0.05417,0.054205,-0.02952,-0.000109,0.019243,-0.040593,-0.037624,0.063886,0.054395,-0.041744,-0.005199,-0.021687
13.9,-0.036256,0.022496,-0.037158,-0.01604,0.055955,-1.60E-05,-0.037977,0.032037,-0.00791,0.07006,-0.027587,0.039146,-0.042824,0.053763,-0.028096,-0.01565,-0.034592,0.010604,0.051916,0.054785,-0.028144,-0.002379,0.016728,-0.040803,-0.038491,0.065093,0.053001,-0.041469,-0.007378,-0.023153
13.9,-0.037024,0.019866,-0.036421,-0.017757,0.055558,-0.002403,-0.038461,0.03419,-0.005672,0.069868,-0.02842,0.036855,-0.042734,0.055275,-0.029302,-0.017194,-0.03533,0.012982,0.049563,0.055248,-0.026711,-0.004575,0.014281,-0.040969,-0.039232,0.066157,0.051473,-0.041135,-0.009476,-0.024534
13.9,-0.037792,0.017275,-0.035616,-0.019434,0.054999,-0.004721,-0.038908,0.036311,-0.003373,0.069441,-0.029199,0.034529,-0.042568,0.056715,-0.030432,-0.018692,-0.03601,0.015391,0.047082,0.05558,-0.025223,-0.00674,0.011871,-0.041087,-0.039859,0.067055,0.049798,-0.040708,-0.011514,-0.025894
13.9,-0.03857,0.014735,-0.034769,-0.021035,0.054278,-0.006973,-0.039336,0.038376,-0.001044,0.068779,-0.029933,0.032173,-0.042363,0.058085,-0.031485,-0.020172,-0.036647,0.017788,0.044525,0.055774,-0.023693,-0.008841,0.009517,-0.041182,-0.040407,0.067767,0.047997,-0.040239,-0.013493,-0.027218
14,-0.039351,0.012274,-0.03389,-0.022535,0.053397,-0.009158,-0.039751,0.040385,0.00131,0.067916,-0.030648,0.029792,-0.042124,0.059385,-0.03246,-0.021624,-0.037264,0.020182,0.041919,0.055825,-0.022147,-0.010856,0.007211,-0.041264,-0.040892,0.068302,0.046078,-0.039717,-0.015419,-0.028481
14,-0.040141,0.009833,-0.032934,-0.023957,0.052353,-0.011272,-0.040142,0.04236,0.003718,0.066842,-0.03133,0.02738,-0.041815,0.060616,-0.033383,-0.023051,-0.037826,0.022591,0.039246,0.055729,-0.020522,-0.012799,0.004944,-0.041313,-0.041357,0.068654,0.04403,-0.039123,-0.01729,-0.029708
14,-0.040928,0.007461,-0.031903,-0.025304,0.051172,-0.013279,-0.040466,0.044272,0.006157,0.065583,-0.03195,0.024972,-0.041443,0.061752,-0.034282,-0.024412,-0.038318,0.024986,0.036537,0.055483,-0.018852,-0.014646,0.002763,-0.041309,-0.041835,0.068825,0.041896,-0.038437,-0.019066,-0.030898
14,-0.04172,0.005124,-0.030809,-0.026618,4.98E-02,-0.015214,-0.040769,0.046128,0.008622,0.064132,-0.032546,0.022552,-0.041021,0.062788,-0.035199,-0.025742,-0.038763,0.027371,0.033789,0.05508,-0.017136,-0.016419,0.000636,-0.041284,-0.042349,0.068823,0.039667,-0.037687,-0.020781,-0.032081
14,-0.042464,0.002837,-0.029664,-0.027909,0.048386,-0.017084,-0.041065,0.047926,0.01111,0.062492,-0.033143,0.020121,-0.040564,0.0637,-0.036121,-0.027058,-0.039188,0.029732,0.031022,0.05452,-0.015369,-0.018103,-0.001441,-0.041252,-0.04286,0.068645,0.03735,-0.036893,-0.022455,-0.033225
14,-0.043138,0.000641,-0.028458,-0.029167,0.046794,-0.018855,-0.04132,0.049651,0.013602,0.060681,-0.033702,0.017704,-0.040062,0.064462,-0.03702,-0.028322,-0.039553,0.032058,0.028269,0.053798,-0.013563,-0.019669,-0.003445,-0.041193,-0.04337,0.068281,0.034968,-0.03604,-0.024053,-0.034307
14,-0.043774,-0.001489,-0.027168,-0.030414,0.045078,-0.020536,-0.041515,0.051315,0.01612,0.058708,-0.034231,0.015302,-0.039476,0.065066,-0.037921,-0.029531,-0.039856,0.034361,0.025525,0.05292,-0.011691,-0.02117,-0.005381,-0.041083,-0.043913,0.067721,0.032525,-0.035101,-0.025569,-0.035363
14,-0.044405,-0.00355,-0.025796,-0.031653,0.043264,-0.02213,-0.041671,0.0529,0.018644,0.056599,-0.034728,0.012927,-0.038838,0.065513,-0.038799,-0.030694,-0.040111,0.036624,0.022812,0.051908,-0.009766,-0.022592,-0.007246,-0.040933,-0.044477,0.066969,0.030052,-0.03409,-0.027017,-0.036377
14,-0.045001,-0.005546,-0.024365,-0.032849,0.041354,-0.023643,-0.041809,0.054408,0.021176,0.054347,-0.035232,0.010572,-0.038167,0.065798,-0.039619,-0.031831,-0.040338,0.038841,0.020131,0.05076,-0.00779,-0.023957,-0.009054,-0.040772,-0.045022,0.066008,0.027543,-0.03302,-0.028407,-0.037323
14,-0.045552,-0.007463,-0.022869,-0.033962,0.03936,-0.025087,-0.041911,0.055817,0.023688,0.051973,-0.035712,0.008234,-0.037447,0.065932,-0.040363,-0.032927,-0.040524,0.040998,0.017492,0.049479,-0.005776,-0.025254,-0.010807,-0.040582,-0.045514,0.064847,0.025008,-0.03189,-0.029732,-3.82E-02
14,-0.046092,-0.009319,-0.021289,-0.034987,0.037296,-0.026438,-0.041951,0.057153,0.026204,0.049502,-0.036172,0.00592,-0.036666,0.065918,-0.041048,-0.033972,-0.040653,0.043104,0.014892,0.048062,-0.003699,-0.026506,-0.012502,-0.040341,-0.045978,0.063508,0.022462,-0.030675,-0.030984,-0.038985
14,-0.046587,-0.011107,-0.019615,-0.035906,0.035199,-0.027698,-0.041941,0.058413,0.028709,0.04696,-0.036606,0.00366,-0.035831,0.065749,-0.041678,-0.034962,-0.040743,0.045156,0.012363,0.04654,-0.001557,-0.027726,-0.014128,-0.040056,-0.046422,0.062011,0.019936,-0.029381,-0.032154,-0.039736
14,-0.047015,-0.012815,-0.017877,-0.036705,0.033064,-0.028889,-0.041889,0.059591,0.031189,0.044361,-0.037043,0.001434,-0.034957,0.065405,-0.042257,-0.035914,-0.040802,0.047136,0.009885,0.044915,0.000628,-0.028904,-0.015696,-0.039732,-0.046846,0.060368,0.017432,-0.028025,-0.033255,-0.040431
14.1,-0.047346,-0.014457,-0.016079,-0.037399,0.030892,-0.030001,-0.041793,0.060677,0.033617,0.041693,-0.037462,-0.000759,-0.034047,0.064862,-0.042768,-0.036816,-0.040827,0.049027,0.007474,0.043198,0.002845,-0.030026,-0.017217,-0.039378,-0.047247,0.058569,0.014945,-0.026606,-0.034282,-0.041063
14.1,-0.047619,-0.016052,-0.0142,-0.038034,0.028691,-0.031024,-0.041651,0.061677,0.036009,0.038964,-0.037868,-0.002908,-0.033086,0.064133,-0.043263,-0.03766,-0.040819,0.050839,0.0051,0.04139,0.005121,-0.031103,-0.018668,-0.038977,-0.047607,0.056617,0.012496,-0.025127,-0.035227,-0.041658
14.1,-0.047871,-0.017592,-0.012237,-0.038641,0.026475,-0.031969,-0.041451,0.062591,0.038357,0.036203,-0.038265,-0.005011,-0.032066,0.06323,-0.043743,-0.038449,-0.040772,0.052576,0.002777,0.039516,0.007443,-0.032127,-0.02007,-0.038515,-0.04794,0.054537,0.010094,-0.023562,-0.036097,-0.042256
14.1,-0.048086,-0.019076,-0.010191,-0.039234,0.024237,-0.032841,-0.041198,0.063406,0.04066,0.033413,-0.038645,-0.007077,-0.030988,0.062156,-0.044209,-0.039184,-0.04069,0.054226,0.000525,0.037572,0.009815,-0.033071,-0.021415,-0.038001,-0.048234,0.052331,0.007729,-0.021926,-0.036891,-0.042826
14.1,-0.048225,-0.020484,-0.008087,-0.039796,0.022001,-0.033631,-0.040892,0.064091,0.042892,0.030608,-0.039019,-0.009084,-0.029873,0.060908,-0.044616,-0.039846,-0.040582,0.055759,-0.00166,0.035581,0.012217,-0.033929,-0.022695,-0.037441,-0.048482,0.050009,0.005432,-0.02024,-0.037609,-0.04336
14.1,-0.048309,-0.021849,-0.005932,-0.040378,0.019785,-0.034347,-0.040538,0.064646,0.045047,0.0278,-0.039378,-0.011024,-0.028722,0.059501,-0.044997,-0.040449,-0.040447,0.057176,-0.003787,0.033558,0.014623,-0.034742,-0.023915,-0.036834,-0.048705,0.047595,0.003203,-0.0185,-0.038255,-0.043857
14.1,-0.04837,-0.023192,-0.003681,-0.040972,0.017563,-0.035004,-0.040118,0.065085,0.04716,0.024961,-0.039724,-0.012933,-0.027499,0.057909,-0.045355,-0.040999,-0.040277,0.058493,-0.005888,0.031475,0.017089,-0.035531,-0.025106,-0.036162,-0.048891,0.045062,0.001005,-0.016669,-0.038836,-0.04433
14.1,-0.048402,-0.024457,-0.001371,-0.041521,0.015369,-0.035594,-0.039626,0.065415,0.049194,0.022153,-0.040058,-0.014777,-0.026222,0.056186,-0.045673,-0.04148,-0.040077,0.059693,-0.007911,0.029368,0.01957,-0.036259,-0.026243,-0.035415,-0.048976,0.042474,-0.001125,-0.014774,-0.039355,-0.044733
14.1,-0.048408,-0.025657,0.001002,-0.042003,0.013199,-0.03613,-0.039087,0.06564,0.051144,0.019367,-0.040369,-0.016561,-0.02489,0.054331,-0.045965,-0.041899,-0.03985,0.060782,-0.009861,0.027235,0.022064,-0.03691,-0.027338,-0.034613,-0.048934,0.039825,-0.003193,-0.012818,-0.039803,-0.045073
14.1,-0.048408,-0.026803,0.003428,-0.042423,0.011072,-0.036604,-0.038485,0.065748,0.052979,0.016609,-0.040659,-0.018277,-0.02351,0.052361,-0.046247,-0.042262,-0.039605,0.061756,-0.011742,0.025098,0.024556,-0.037516,-0.028396,-0.033754,-0.0488,0.03714,-0.005189,-0.010806,-0.040196,-0.045355
14.1,-0.048398,-0.027915,0.005907,-0.042827,0.008981,-0.037041,-0.037818,0.065725,0.054682,0.01387,-0.040929,-0.019923,-0.022067,0.050284,-0.046524,-0.042562,-0.039337,0.062619,-0.013576,0.022953,0.027045,-0.038109,-0.029421,-0.03282,-0.04861,0.034407,-0.00712,-0.008725,-0.040522,-0.045601
14.1,-0.048337,-0.028981,0.008455,-0.043215,0.006912,-0.037427,-0.037088,0.065563,0.056247,0.011157,-0.041167,-0.021515,-0.020549,0.048107,-0.046776,-0.042801,-0.039038,0.063378,-0.015361,0.020788,0.029534,-0.038653,-0.030417,-0.03181,-0.048367,0.03163,-0.009,-0.006573,-0.040784,-0.045789
14.2,-0.048192,-0.029968,0.011031,-0.043526,0.004895,-0.037767,-0.036303,0.065261,0.057654,0.008505,-0.04137,-0.023033,-0.018985,0.045868,-0.046961,-0.042979,-0.03872,0.064028,-0.017058,0.01864,0.031993,-0.039127,-0.031369,-0.030741,-0.048079,0.028859,-0.010806,-0.004376,-0.04098,-0.045888
14.2,-0.047971,-0.03089,0.013642,-0.043783,0.002936,-0.038076,-0.035465,0.064812,0.058918,0.005913,-0.041545,-0.024472,-0.01736,0.043577,-0.047094,-0.043101,-0.038392,0.064574,-0.018669,0.016514,0.034424,-0.039518,-0.032279,-0.029609,-0.047769,0.026109,-0.012534,-0.002128,-0.041119,-0.045929
14.2,-0.047692,-0.031786,0.016297,-0.044022,0.00102,-0.038342,-0.034562,0.064224,0.060061,0.003364,-0.041679,-0.025848,-0.015659,0.041217,-0.047192,-0.043156,-0.038035,0.065015,-0.020246,0.014396,0.036826,-0.039885,-0.033148,-0.028399,-0.04745,0.023355,-0.014201,0.000191,-0.041191,-0.045948
14.2,-0.047342,-0.032653,0.01898,-0.044235,-0.000858,-0.038571,-0.033594,0.063482,0.061083,0.000837,-0.041765,-0.027165,-0.013888,0.03878,-0.047229,-0.043144,-0.037645,0.06534,-0.021776,0.012282,0.039204,-0.040211,-0.03397,-0.027112,-0.047089,0.020599,-0.015796,0.002565,-0.041201,-0.045921
14.2,-0.046909,-0.033466,0.021691,-0.044392,-0.002692,-0.038771,-0.032575,0.062593,0.061994,-0.001627,-0.041817,-0.028408,-0.01205,0.03629,-0.047181,-0.043078,-0.037246,0.065537,-0.023251,0.010181,0.041533,-0.04046,-0.034754,-0.025748,-0.046651,0.017857,-0.017328,0.004993,-0.041165,-0.045829
14.2,-0.046441,-0.034221,0.024389,-0.04449,-0.004464,-0.038945,-0.031514,0.061589,0.062793,-0.004005,-0.041825,-0.029575,-0.010166,0.033791,-0.047063,-0.042961,-0.036826,0.065615,-0.024646,0.008119,0.043775,-0.040663,-0.035496,-0.024336,-0.046176,0.015196,-0.018769,0.007446,-0.041091,-0.045703
14.2,-0.045958,-0.034938,0.027108,-0.044544,-0.006199,-0.03909,-0.030382,0.06046,0.063496,-0.006331,-0.041775,-0.030677,-0.008192,0.031264,-0.046895,-0.042786,-0.036374,0.065573,-0.026015,0.006066,0.045952,-0.040844,-0.036204,-0.02283,-0.045635,0.012555,-0.020152,0.009961,-0.040975,-0.045581
14.2,-0.045435,-0.035624,0.029838,-0.044553,-0.007885,-0.039203,-0.029182,0.059194,0.064079,-0.008609,-0.041666,-0.031702,-0.006129,0.028694,-0.046664,-0.042558,-0.035883,0.065398,-0.027346,0.004031,0.048035,-0.041001,-0.036862,-0.021237,-0.04502,0.009934,-0.021454,0.012542,-0.040823,-0.04544
14.2,-0.044845,-0.036265,0.032533,-0.04451,-0.009524,-0.039296,-0.027933,0.057798,0.06452,-0.010811,-0.041503,-0.032648,-0.004015,0.026128,-0.046373,-0.042284,-0.035373,0.065085,-0.028619,0.002027,0.049968,-0.041142,-0.037482,-0.019578,-0.044295,0.007373,-0.022683,0.015135,-0.040644,-0.045254
14.2,-0.044195,-0.036851,0.035194,-0.044409,-0.01113,-0.03938,-0.026645,0.056279,0.064825,-0.012931,-0.041293,-0.033527,-0.00184,0.023567,-0.046043,-0.041966,-0.034839,0.064646,-0.029838,4.10E-05,0.051764,-0.041271,-0.038067,-0.01786,-0.043474,0.004859,-0.023853,0.017751,-0.040446,-0.04502
14.2,-0.043495,-0.037412,0.037833,-0.044249,-0.012689,-0.039454,-0.025296,0.054623,0.065007,-0.014985,-0.041021,-0.034332,0.00042,0.021008,-0.04569,-0.041601,-0.034272,0.064095,-0.031016,-0.001924,0.053449,-0.041393,-0.038602,-0.016053,-0.042589,0.002399,-0.024962,0.02042,-0.040227,-0.044765
14.2,-0.042771,-0.037959,0.040438,-0.044021,-0.014217,-0.039505,-0.023872,0.052835,0.065064,-0.016972,-0.040668,-0.035054,0.002762,0.018462,-0.045305,-0.041182,-0.033646,0.06343,-0.032159,-0.003865,0.055017,-0.041507,-0.039089,-0.014153,-0.041647,-2.20E-05,-0.026009,0.023123,-0.039971,-0.044487
14.2,-0.042021,-0.038465,0.042952,-0.043731,-0.015692,-0.039534,-0.022406,0.05093,0.064987,-0.018875,-0.040256,-0.035691,0.005161,0.015943,-0.044848,-0.040706,-0.032986,0.06265,-0.033243,-0.005773,0.05645,-0.041605,-0.039509,-0.012187,-0.040661,-0.002369,-0.026992,0.025822,-0.039692,-0.044167
14.3,-0.041219,-0.038936,0.04538,-0.043399,-0.017139,-0.039554,-0.020905,0.048904,0.064784,-0.020702,-0.039791,-0.036261,0.007606,0.013453,-0.044327,-0.040212,-0.0323,0.061757,-0.03427,-0.007655,0.057741,-0.041677,-0.039887,-0.010165,-0.039629,-0.004652,-0.027921,0.028526,-0.039414,-0.043783
14.3,-0.040359,-0.039387,0.047703,-0.043047,-0.018538,-0.039556,-0.019358,0.046786,0.064471,-0.022469,-0.039276,-0.036754,0.01011,0.010989,-0.043757,-0.039675,-0.031571,0.060764,-0.035251,-0.009511,0.058885,-0.041715,-0.040218,-0.008072,-0.038565,-0.006875,-0.028797,0.031225,-0.039132,-0.043381
14.3,-0.039433,-0.039814,0.04993,-0.0427,-0.019903,-0.039522,-0.017733,0.044577,0.06404,-0.024178,-0.038671,-0.037179,0.01269,0.008555,-0.043172,-0.039096,-0.030774,0.059665,-0.03619,-0.011345,0.059878,-0.041737,-0.040476,-0.005882,-0.037466,-0.009039,-0.029619,0.03393,-0.038817,-0.042986
14.3,-0.038426,-0.04021,0.05203,-0.042352,-0.021223,-0.039452,-0.016061,0.0423,0.06349,-0.025796,-0.038001,-0.037521,0.015323,0.006166,-0.042525,-0.03847,-0.029919,0.058461,-0.037061,-0.013146,0.060706,-0.04174,-0.040671,-0.003624,-0.036325,-0.011124,-0.030385,0.036613,-0.03849,-0.042581
14.3,-0.037319,-0.040562,0.053994,-0.041973,-0.022499,-0.03937,-0.014338,0.03994,0.062807,-0.027349,-0.037277,-0.037813,0.018002,0.003798,-0.041808,-0.037826,-0.029017,0.057139,-0.037867,-0.014918,0.061371,-0.041709,-0.040819,-0.001304,-0.035122,-0.013149,-0.031108,0.039259,-0.038169,-0.04216
14.3,-0.036151,-0.040893,0.055788,-0.041594,-0.023729,-0.039269,-0.012583,0.037545,0.062008,-0.028804,-0.036503,-0.038055,0.020698,0.001497,-0.041063,-0.037179,-0.028073,0.055712,-0.038618,-0.016648,0.06187,-0.041661,-0.040911,0.001062,-0.033879,-0.015084,-0.031779,0.041812,-0.037839,-0.041721
14.3,-0.034907,-0.041215,0.057433,-0.041233,-0.024929,-0.039132,-0.01076,0.035096,0.061098,-0.030194,-0.03565,-0.038239,0.023445,-0.000774,-0.040299,-0.036485,-0.027043,0.054183,-0.039334,-0.018357,0.062236,-0.041605,-0.040937,0.003507,-0.032603,-0.016961,-0.032417,0.044296,-0.037491,-0.041281
14.3,-0.033588,-0.041508,0.058924,-0.04083,-0.026093,-0.038953,-0.008869,0.032609,0.060088,-0.031491,-0.034722,-0.038368,0.026235,-0.003002,-0.039505,-0.035764,-0.025931,0.052553,-0.039995,-0.020022,0.062467,-0.041512,-0.040891,0.006027,-0.031276,-0.018771,-0.033011,0.046684,-0.037121,-0.040775
14.3,-0.032193,-0.041762,0.060263,-0.040377,-0.027219,-0.038753,-0.006921,0.030092,0.058977,-0.032708,-0.033741,-0.03845,0.029056,-0.005176,-0.03867,-0.035039,-0.024754,0.050824,-0.040601,-0.021632,0.062558,-0.041359,-0.040788,0.008615,-0.02987,-0.020508,-0.033557,0.048973,-0.036736,-0.040193
14.3,-0.030729,-0.041988,0.061424,-0.039891,-0.028317,-0.038529,-0.004944,0.027573,0.057779,-0.033847,-0.032711,-0.038496,0.031856,-0.007273,-0.037799,-0.034304,-0.023525,0.049019,-0.04117,-0.023195,0.062503,-0.04117,-0.040633,0.011226,-0.028409,-0.022168,-0.034073,0.051123,-0.036348,-0.039532
14.3,-0.029228,-0.042203,0.062423,-0.039405,-0.029397,-0.038262,-0.002905,0.025031,0.05649,-0.034938,-0.031613,-0.038498,0.034665,-0.009328,-0.036879,-0.033547,-0.022218,0.047121,-0.041693,-0.024703,0.062315,-0.040944,-0.040412,0.013887,-0.026879,-0.023767,-0.034547,0.053163,-0.03593,-0.038822
14.3,-0.027664,-0.042382,0.063267,-0.038909,-0.030456,-0.03795,-0.000791,0.022473,0.055109,-0.035978,-0.030447,-0.038462,0.037477,-0.011336,-0.035887,-0.032773,-0.020812,0.045134,-0.04218,-0.026169,0.062001,-0.040674,-0.040135,0.016618,-0.025276,-0.025319,-0.034989,0.055105,-0.035491,-0.03807
14.4,-0.026061,-0.042517,0.063946,-0.038377,-0.031497,-0.037599,0.001383,0.019918,0.053646,-0.036956,-0.029224,-0.038391,0.040266,-0.013273,-0.034811,-0.031989,-0.019334,0.043075,-0.042595,-0.027579,0.061569,-0.040365,-0.039793,0.019395,-0.023588,-0.026791,-0.035402,0.056927,-0.035033,-0.037257
14.4,-0.024412,-0.042606,0.064456,-0.037812,-0.0325,-0.037213,0.003591,0.0174,0.052114,-0.037861,-0.027952,-0.038287,0.042977,-0.015126,-0.03368,-0.031201,-0.017787,0.040966,-0.042949,-0.028925,0.06102,-0.040043,-0.039404,0.022175,-0.021847,-0.028187,-0.035783,0.058586,-0.034551,-0.036388
14.4,-0.022707,-0.042657,0.064796,-0.037223,-0.03347,-0.036771,0.005861,0.014869,0.050489,-0.038727,-0.026622,-0.038151,0.045627,-0.016931,-0.032517,-0.030393,-0.01616,0.038782,-0.043262,-0.03022,0.060353,-0.039713,-0.038957,0.024988,-0.020037,-0.029528,-0.036153,0.060071,-0.034045,-0.035466
14.4,-0.020937,-0.042666,0.064965,-0.03658,-0.034407,-0.036287,0.008205,0.01235,0.048775,-0.039557,-0.025234,-0.03798,0.048195,-0.018694,-0.031348,-0.029569,-0.014431,0.036538,-0.043541,-0.031457,0.059566,-0.039388,-0.038456,0.027826,-0.018153,-0.030825,-0.036501,0.061361,-0.033502,-0.034508
14.4,-0.019087,-0.042615,0.064955,-0.03588,-0.0353,-0.035744,0.010595,0.009853,0.046992,-0.040321,-0.023788,-0.037779,0.050653,-0.020391,-0.030172,-0.028732,-0.012627,0.03425,-0.04377,-0.032635,0.058672,-0.039053,-0.037907,0.030675,-0.016194,-0.032049,-0.03684,0.062444,-0.032928,-0.033527
14.4,-0.017137,-0.042502,0.064767,-0.035121,-0.036153,-0.035161,0.01305,0.007392,0.045137,-0.041011,-0.022294,-0.037554,0.053001,-0.022029,-0.028967,-0.027881,-0.010732,0.031915,-0.043952,-0.033757,0.057677,-0.038689,-0.037316,0.033543,-0.014157,-0.0332,-0.037168,0.063325,-0.032321,-0.03252
14.4,-0.015109,-0.042347,0.064407,-0.034327,-0.036955,-0.034518,0.015551,0.004961,0.043221,-0.041646,-0.020749,-0.037308,0.0552,-0.023614,-0.027753,-0.027014,-0.008758,0.029557,-0.04411,-0.034815,0.05659,-0.038317,-0.036684,0.0364,-0.012053,-0.034286,-0.037472,0.063992,-0.03167,-0.031496
14.4,-0.013022,-0.042161,0.063874,-0.033518,-0.037701,-0.033825,0.018088,0.002573,0.041249,-0.042234,-0.019164,-0.037028,0.057226,-0.025164,-0.026528,-0.026126,-0.006705,0.027175,-0.04423,-0.035798,0.055414,-0.037926,-0.036014,0.03923,-0.009889,-0.035317,-0.037747,0.064451,-0.030979,-0.030453
14.4,-0.01086,-0.041922,0.063189,-0.032675,-0.038404,-0.033081,0.02068,0.000205,0.039206,-0.042737,-0.017518,-0.036726,0.059089,-0.026662,-0.025246,-0.025209,-0.004561,0.024746,-0.044294,-0.036721,0.054139,-0.037494,-0.035306,0.04205,-0.00763,-0.036288,-0.038003,0.06471,-0.03024,-0.02936
14.4,-0.008646,-0.041639,0.062369,-0.031813,-0.039061,-0.032289,0.023324,-0.002125,0.037112,-0.043166,-0.015833,-0.036417,0.060761,-0.028118,-0.023878,-0.024271,-0.002335,0.0223,-0.044295,-0.037586,0.052781,-0.037007,-0.034569,0.044835,-0.005286,-0.03719,-0.038238,0.064785,-0.029456,-0.028214
14.4,-0.006431,-0.04134,0.061443,-0.030975,-0.03965,-0.031447,0.025986,-0.004382,0.034997,-0.043509,-0.014115,-0.036097,0.062209,-0.029502,-0.022453,-0.023306,-3.50E-05,0.019856,-0.044247,-0.038371,0.051371,-0.03648,-0.033809,0.047548,-0.002887,-0.038034,-0.038438,0.064691,-0.028627,-0.027032
14.4,-0.0042,-0.041026,0.060409,-0.030147,-0.040177,-0.030541,0.028696,-0.006615,0.032833,-0.043801,-0.012332,-0.035742,0.06342,-0.030853,-0.020959,-0.022295,0.002366,0.017396,-0.044161,-0.039078,0.04988,-0.035927,-0.033014,0.050194,-0.000423,-0.038838,-0.038594,0.064434,-0.027736,-0.025798
14.4,-0.001937,-0.040678,0.05927,-0.02929,-0.040639,-0.029586,0.031419,-0.008807,0.030636,-0.044047,-0.010512,-0.035384,0.064383,-0.032157,-0.019393,-0.021249,0.00483,0.014921,-0.044017,-0.039713,0.048329,-0.035335,-0.032197,0.052743,0.002111,-0.039589,-0.038725,0.064013,-0.026796,-0.024511
14.5,0.000369,-0.040296,0.058031,-0.028382,-0.041054,-0.028597,0.034142,-0.010944,0.028409,-0.044239,-0.008666,-0.035027,0.065115,-0.033382,-0.017753,-0.020178,0.007368,0.012457,-0.043816,-0.040297,0.046715,-0.03468,-0.031373,0.055187,0.004718,-0.040283,-0.038838,0.063438,-0.02582,-0.023176
14.5,0.002713,-0.039876,0.056705,-0.027426,-0.041399,-0.027558,0.036875,-0.013032,0.026158,-0.044397,-0.006778,-0.034656,0.065646,-0.034553,-0.016068,-0.01906,0.009979,0.009996,-0.043572,-0.040803,0.045054,-0.033983,-0.03053,0.05751,0.0074,-0.040925,-0.038918,0.062718,-0.024791,-0.021797
14.5,0.005092,-0.03944,0.055301,-0.026437,-0.041669,-0.026457,0.039619,-0.015074,0.023884,-0.044537,-0.004835,-0.034265,0.065991,-0.035686,-0.014348,-0.017877,0.012675,0.007548,-0.0433,-0.041237,0.043346,-0.033263,-0.029657,0.059676,0.010115,-0.04153,-0.038951,0.061865,-0.023691,-0.020417
14.5,0.007531,-0.038975,0.053805,-0.0254,-0.041873,-0.025303,0.042377,-0.017074,0.021589,-0.044646,-0.002838,-0.03385,0.066143,-0.036779,-0.012578,-0.016634,0.015458,0.005105,-0.042983,-0.041592,0.04158,-0.032513,-0.028764,0.061665,0.012886,-0.042099,-0.03894,0.060877,-0.022529,-0.01901
14.5,0.010014,-0.038469,0.052259,-0.024299,-0.042023,-0.024133,0.045086,-0.018996,0.019306,-0.044707,-0.000835,-0.033443,0.066089,-0.037812,-0.010762,-0.015368,0.018257,0.002708,-0.04262,-0.041889,0.039789,-0.031727,-0.027886,0.063423,0.015688,-0.042595,-0.038905,0.059772,-0.02134,-0.01756
14.5,0.012576,-0.037914,0.050635,-0.023123,-0.042116,-0.022925,0.047771,-0.020861,0.017011,-0.044711,0.001205,-0.033028,0.06583,-0.038797,-0.008879,-0.014054,0.021115,0.00034,-0.042212,-0.04213,0.037953,-0.030892,-0.027006,0.064972,0.018528,-0.043058,-0.038837,0.058542,-0.020105,-0.016063
14.5,0.015211,-0.037327,0.048945,-0.021889,-0.04213,-0.021659,0.050421,-0.022683,0.014702,-0.04466,0.003313,-0.032578,6.54E-02,-0.039733,-0.006936,-0.012655,0.024053,-0.002018,-0.041755,-0.042281,0.036073,-0.030032,-0.026099,0.066325,0.021392,-0.043483,-0.038713,0.057197,-0.018787,-0.014512
14.5,0.017854,-0.036712,0.047232,-0.020629,-0.042068,-0.020364,0.052933,-0.024431,0.012432,-0.044577,0.005449,-0.032109,0.064767,-0.040621,-0.004965,-0.011209,0.027017,-0.004311,-0.041293,-0.042351,0.034189,-0.029153,-0.025184,0.067445,0.024215,-0.043886,-0.038533,0.055774,-0.017424,-0.012943
14.5,0.020568,-0.036054,0.045462,-0.019315,-0.041955,-0.019036,0.055314,-0.026128,0.010159,-0.044437,0.007635,-0.031619,0.063985,-0.041458,-0.002921,-0.009691,0.030034,-0.006574,-0.040783,-0.042369,0.032271,-0.028219,-0.024264,0.068334,0.027044,-0.044261,-0.038314,0.054266,-0.016007,-0.01131
14.5,0.023312,-0.035334,0.043638,-0.017946,-0.041793,-0.017691,0.057516,-0.027741,0.007896,-0.044243,0.00985,-0.031128,0.06304,-0.042225,-0.000815,-0.008135,0.033073,-0.008791,-0.040232,-0.042335,0.030325,-0.027231,-0.023353,0.068964,0.02986,-0.044575,-0.038052,0.052666,-0.01455,-0.009618
14.5,0.026073,-0.034572,0.041772,-0.016525,-0.041558,-0.016324,0.059557,-0.029307,0.005659,-0.044026,0.01211,-0.030596,0.061949,-0.042939,0.001354,-0.006509,0.036129,-0.010966,-0.039643,-0.042234,0.028359,-0.026195,-0.022432,0.069343,0.032668,-0.044863,-0.037717,0.051,-0.013046,-0.007871
14.5,0.028807,-0.033782,0.039884,-0.015074,-0.041253,-0.014921,0.061444,-0.03081,0.003455,-0.043786,0.01441,-0.03003,0.060745,-0.043603,0.00356,-0.004819,0.039184,-0.013088,-0.039039,-0.042072,0.026392,-0.025118,-0.021491,0.06948,0.03543,-0.045128,-0.037318,0.049292,-0.011481,-0.006085
14.6,0.031547,-0.032944,0.037958,-0.013564,-0.040883,-0.013492,0.06318,-0.032255,0.001276,-0.043516,0.016769,-0.029432,0.05943,-0.044209,0.005818,-0.003057,0.042255,-0.015156,-0.038377,-0.041866,0.024412,-0.023983,-0.020539,0.069387,0.038161,-0.045333,-0.036856,0.047525,-0.009863,-0.004237
14.6,0.034289,-0.032049,0.035994,-0.012005,-0.040462,-0.012053,0.06472,-0.03363,-0.000874,-0.043216,0.019168,-0.028808,0.058003,-0.044741,0.008144,-0.001238,0.045308,-0.017168,-0.037661,-0.041622,0.02242,-0.022784,-0.019582,0.069061,0.04086,-0.045488,-0.036342,0.0457,-0.008209,-0.002322
14.6,0.037052,-0.031106,0.033996,-0.010393,-0.039976,-0.010602,0.066029,-0.034964,-0.002993,-0.042883,0.021589,-0.028151,0.056486,-0.045238,0.010512,0.00063,0.048322,-0.019128,-0.036915,-0.041329,0.020416,-0.02153,-0.018614,0.068511,0.043536,-0.045607,-0.035755,0.043826,-0.006519,-0.000347
14.6,0.039849,-0.030129,0.031978,-0.008743,-0.039435,-0.009137,0.067104,-0.036251,-0.00508,-0.042537,0.024048,-0.027446,0.054898,-0.0457,0.01291,0.002565,0.051298,-0.021032,-0.036145,-0.040998,0.018406,-0.020236,-0.017625,0.067758,0.046156,-0.04569,-0.035112,0.041923,-0.004785,0.001676
14.6,0.04271,-0.029097,0.029935,-0.007045,-0.038834,-0.00763,0.06796,-0.037488,-0.007133,-0.042156,0.026567,-0.026693,0.053249,-0.046142,0.015367,0.004582,0.054261,-0.022886,-0.035321,-0.040626,0.016388,-0.018875,-0.016604,0.066812,0.048723,-0.045733,-0.034395,0.039988,-0.002996,0.003765
14.6,0.045567,-0.028019,0.027899,-0.005299,-0.038188,-0.006129,0.068588,-0.038659,-0.009122,-0.041715,0.029103,-0.025905,0.051552,-0.046516,0.017846,0.006643,0.057143,-0.024657,-0.034468,-0.040231,0.014388,-0.017468,-0.015573,0.06569,0.051193,-0.045721,-0.033625,0.038053,-0.001186,0.005908
14.6,0.048322,-0.026898,0.025858,-0.003511,-0.037493,-0.004618,0.068963,-0.039773,-0.011059,-0.041251,0.031646,-0.025082,0.049803,-0.046851,0.020356,0.008746,0.059898,-0.026366,-0.033592,-0.039805,0.012394,-0.016017,-0.014532,0.0644,0.053536,-0.045673,-0.032811,0.036109,0.000647,0.008098
14.6,0.050915,-0.025728,0.023793,-0.001669,-0.036753,-0.003084,0.069076,-0.040861,-0.012981,-0.040752,0.034223,-0.024203,0.047996,-0.047146,0.022898,0.010923,0.062532,-0.028046,-0.032687,-0.039357,0.010376,-0.014502,-0.013457,0.062945,0.055783,-0.045596,-0.031938,0.03414,0.002525,0.010349
14.6,0.053333,-0.024513,0.02172,0.000232,-0.035964,-0.001521,0.068919,-0.041902,-0.014864,-0.04024,0.03682,-0.023264,0.046144,-0.047372,0.025489,0.013168,0.065019,-0.029668,-0.031757,-0.038873,0.008356,-0.012934,-0.01235,0.061361,0.05792,-0.045483,-0.030999,0.032164,0.004441,0.012655
14.6,0.055508,-0.023259,0.019687,0.002168,-0.035155,3.50E-05,0.068516,-0.042857,-0.016655,-0.03969,0.039407,-0.022293,0.044283,-0.047526,0.028063,0.015438,0.067308,-0.031197,-0.030803,-0.03838,0.006384,-0.011323,-0.011236,0.059692,0.059875,-0.045321,-0.030027,0.030221,0.006361,0.014985
14.6,0.057462,-0.021935,0.017651,0.004172,-0.034304,0.001616,0.067883,-0.043753,-0.018406,-0.039109,0.042012,-0.02127,0.042389,-0.047618,0.03065,0.017769,0.069418,-0.032659,-0.029806,-0.037874,0.004413,-0.00964,-0.01009,0.05794,0.061665,-0.0451,-0.029004,0.028272,0.008315,0.017368
14.6,0.059221,-0.020572,0.015611,0.006227,-0.033416,0.003223,0.067042,-0.044609,-0.020125,-0.038507,0.04462,-0.020192,0.040464,-0.047683,0.033221,0.020155,0.071314,-0.034085,-0.028787,-0.037347,0.002439,-0.007913,-0.008906,0.056117,0.063293,-0.044843,-0.027924,0.026315,0.010299,0.019766
14.6,0.060869,-0.019185,0.013581,0.008331,-0.032501,0.004841,0.066012,-0.045408,-0.021785,-0.037903,0.047223,-0.019061,0.038517,-0.047715,0.035756,0.022574,0.072987,-0.035442,-0.027754,-0.036805,0.000479,-0.006147,-0.007694,0.054233,0.06474,-0.04456,-0.026801,0.024359,0.012301,0.022187
14.7,0.06246,-0.017734,0.011566,0.010501,-0.031567,0.006479,0.064808,-0.046139,-0.023391,-0.037263,0.049824,-0.017889,0.036555,-0.04769,0.038277,0.025034,0.074448,-0.036722,-0.02668,-0.036257,-0.001463,-0.004307,-0.006462,0.052292,0.065949,-0.044221,-0.025645,0.022407,0.014322,0.024622
14.7,0.063949,-0.016249,0.009593,0.012722,-0.030618,0.008126,0.063464,-0.046795,-0.024919,-0.036581,0.052399,-0.016677,0.034606,-0.047604,0.040738,0.027515,0.075673,-0.037917,-0.025569,-0.035687,-0.003361,-0.002417,-0.005205,0.050326,0.06688,-0.043818,-0.024457,0.020488,0.016352,0.027056
14.7,0.06538,-0.014711,0.007621,0.015022,-0.02963,0.009816,0.061959,-0.047423,-0.026413,-0.035876,0.054962,-0.015395,0.032631,-0.047471,0.043176,0.030053,0.076664,-0.039062,-0.02443,-0.035094,-0.005258,-0.000462,-0.003884,0.048302,0.067538,-0.043376,-0.023212,0.018561,0.018429,0.029517
14.7,0.066667,-0.013162,0.005662,0.017369,-0.028626,0.01153,0.060325,-0.048017,-0.027862,-0.035155,0.057467,-0.014071,0.030644,-0.047303,0.04554,0.032613,0.077389,-0.040147,-0.023279,-0.034471,-0.00714,0.00153,-0.002534,0.046241,0.067914,-0.042897,-0.021929,0.016639,0.020522,0.03197
14.7,0.067716,-0.011568,0.003738,0.019759,-0.027622,0.013246,0.058579,-0.048548,-0.029253,-0.034395,0.059877,-0.012712,0.028662,-0.04708,0.047814,0.035169,0.077828,-0.041155,-0.022103,-0.033843,-0.00898,0.003566,-0.001168,0.044161,0.06801,-0.042375,-0.020632,0.01474,0.022614,0.034426
14.7,0.068466,-0.009929,0.001844,0.022233,-0.026603,0.014983,0.056733,-0.04901,-0.030576,-0.033593,0.062211,-0.011315,0.026679,-0.046791,0.050044,0.037736,0.077983,-0.042088,-0.020877,-0.033194,-0.010789,0.005671,0.000244,0.04206,0.067835,-0.041792,-0.019307,0.012859,0.024724,0.036891
14.7,0.068834,-0.00825,-1.90E-05,0.024762,-0.025566,0.01676,0.054813,-0.049411,-0.031857,-0.032753,0.064468,-0.009858,0.024701,-0.046456,0.052233,0.04033,0.077854,-0.042964,-0.019622,-0.032506,-0.012573,0.007832,0.001703,0.03995,0.067477,-0.04117,-0.017943,0.011003,0.026867,0.039372
14.7,0.06883,-0.006548,-0.001849,0.027321,-0.024515,0.018566,0.052835,-0.049762,-0.033096,-0.031894,0.066629,-0.008361,0.022733,-0.04609,0.054371,0.042922,0.077445,-0.043789,-0.018357,-0.031788,-0.014326,0.010028,0.003208,0.037836,0.066984,-0.040515,-0.016553,0.009169,0.029031,0.041812
14.7,0.068528,-0.004821,-0.003651,0.029895,-0.023457,0.02039,0.0508,-0.050056,-0.034282,-0.031009,0.068661,-0.006824,0.020768,-0.045674,0.05647,0.04551,0.076747,-0.044565,-0.017073,-0.031048,-0.016047,0.012264,0.004744,0.035712,0.066398,-0.039827,-0.01515,0.007354,0.031204,0.044246
14.7,0.067995,-0.003056,-0.00542,0.032487,-0.022399,0.022225,0.048726,-0.050286,-0.035412,-0.030076,0.070522,-0.005269,0.018811,-0.045214,0.058489,0.048074,0.075788,-0.045284,-0.015745,-0.03028,-0.017723,0.014544,0.006313,0.033578,0.065716,-0.03909,-0.013732,0.00556,0.033376,0.046658
14.7,0.067267,-0.00124,-0.007159,0.035075,-0.021327,0.02409,0.046632,-0.050456,-0.036501,-0.029095,0.072188,-0.00367,0.016867,-0.044696,0.060393,0.050629,0.074602,-0.045941,-0.01438,-0.029471,-0.019372,0.016874,0.007921,0.031445,0.064915,-0.038301,-0.012302,0.003788,0.035566,0.04905
14.7,0.066332,0.000611,-0.008858,0.037642,-0.020225,0.026,0.044523,-0.050583,-0.03755,-0.02808,0.073635,-0.00202,0.014938,-0.044153,0.062118,0.053185,0.073212,-0.046551,-0.012989,-0.02861,-0.020987,0.019253,0.009597,0.029311,0.063949,-0.037473,-0.010833,0.002044,0.037785,0.051384
14.8,0.065216,0.002475,-0.010513,0.040142,-0.01911,0.027923,0.042417,-0.050659,-0.038547,-0.027046,0.074827,-0.000346,0.013037,-0.043564,0.0636,0.055694,0.071647,-0.047101,-0.011584,-0.027712,-0.022549,0.021637,0.011305,0.027195,0.062795,-0.036615,-0.009362,0.000338,0.040001,0.053551
14.8,0.063958,0.004376,-0.012136,0.042601,-0.017983,0.029858,0.040302,-0.050667,-0.039501,-0.025964,0.075759,0.001347,0.011151,-0.042924,0.064828,0.058153,0.069922,-0.047574,-0.01015,-0.026778,-0.024077,0.024054,0.013038,0.025086,0.061449,-0.035706,-0.007886,-0.001348,0.042208,0.055504
14.8,0.062634,0.006315,-0.013711,0.045029,-0.01684,0.031802,0.038187,-0.050611,-0.040409,-0.02484,0.076425,0.003058,0.009284,-0.042239,0.06578,0.060531,0.068065,-0.04799,-0.008669,-0.025803,-0.025555,0.0265,0.0148,0.022994,0.059907,-0.034752,-0.006407,-0.003004,0.044395,0.057265
14.8,0.06128,0.008283,-0.015256,0.047445,-0.015676,0.033772,0.036082,-0.050489,-0.041269,-0.023687,0.076828,0.004796,0.007438,-0.041509,0.066435,0.062834,0.0661,-0.048344,-0.007173,-0.024781,-0.026997,0.028964,0.016611,0.020926,0.058218,-0.033759,-0.004915,-0.004629,0.046581,0.058908
14.8,0.059903,0.010274,-0.016744,0.04984,-0.014478,0.035759,0.034001,-0.0503,-0.042077,-0.022507,0.076967,0.006569,0.005625,-0.040742,0.066763,0.065039,0.064046,-0.048638,-0.005644,-0.0237,-0.028383,0.03144,0.018461,0.018896,0.056413,-0.03273,-0.003405,-0.006223,0.048755,0.060538
14.8,0.058496,0.012298,-0.018197,0.052199,-0.013258,0.037759,0.031936,-0.050046,-0.042831,-0.021289,0.076828,0.008363,0.003835,-0.039931,0.066832,0.067116,0.061903,-0.048878,-0.004089,-0.022574,-0.029717,0.033917,0.020347,0.016897,0.054539,-0.031654,-0.001887,-0.007778,0.050909,0.062166
14.8,0.056987,0.014347,-0.019602,0.054411,-0.012018,0.039747,0.029894,-0.049727,-0.043535,-0.020032,0.076418,0.010158,0.002074,-0.039075,0.066709,0.069036,0.059686,-0.049061,-0.002497,-0.021409,-0.031002,0.036387,0.022245,0.014932,0.052635,-0.030538,-0.000376,-0.009315,0.05301,0.063638
14.8,0.055331,0.016436,-0.020976,0.056429,-0.010746,0.041743,0.027863,-0.049362,-0.044213,-0.018734,0.075734,0.011976,0.000329,-0.038169,0.066425,0.070809,0.057374,-0.049199,-0.00087,-0.020191,-0.032242,0.038846,0.024176,0.012993,0.050697,-0.029377,0.00115,-0.010824,0.055065,0.064831
14.8,0.053535,0.018537,-0.022294,0.058213,-0.00945,0.043729,0.025881,-0.048954,-0.044836,-0.017417,0.074828,0.013802,-0.001379,-0.037226,0.065946,0.072422,0.055014,-0.04929,0.000772,-0.018919,-0.03341,0.041272,0.026126,0.01111,0.048751,-0.028189,0.002674,-0.012298,0.057046,0.06568
14.8,0.051618,0.02067,-0.023573,0.059802,-0.008119,0.045729,0.023926,-0.048474,-0.04543,-0.016057,0.073705,0.015665,-0.003064,-0.036223,0.06525,0.073873,0.052589,-0.049337,0.00246,-0.017592,-0.03453,0.043666,0.02812,0.009262,0.046766,-0.026942,0.004224,-0.013744,0.058968,0.066217
14.8,0.04964,0.022819,-0.024799,0.061255,-0.006753,0.047703,0.022012,-0.047942,-0.045986,-0.014657,0.072388,0.017526,-0.004705,-0.035173,0.064356,0.075135,0.050129,-0.049344,0.004171,-0.016221,-0.035581,0.046017,0.030117,0.007464,0.044753,-0.025659,0.005766,-0.015158,0.0608,0.066494
14.8,0.047592,0.025015,-0.025995,0.062602,-0.005362,0.049658,0.020112,-0.047352,-0.046504,-0.013228,0.070852,0.019405,-0.006337,-0.034068,0.063295,0.076193,0.047605,-0.049309,0.005924,-0.014792,-0.036589,0.048357,0.032137,0.005689,0.042681,-0.02434,0.007327,-0.016547,0.062567,0.066554
14.8,0.04552,0.027202,-0.027147,0.063811,-0.003959,0.051569,0.018257,-0.04671,-0.046983,-0.011767,0.06915,0.021266,-0.007929,-0.032919,0.06211,0.077035,0.045076,-0.049239,0.007692,-0.013341,-0.037546,0.050626,0.034144,0.003967,0.040585,-0.022987,0.008864,-0.01791,0.064263,0.066395
14.9,0.043399,0.029405,-0.028256,0.064885,-0.002513,0.053457,0.016438,-0.046012,-0.047407,-0.010279,0.067257,0.023149,-0.009489,-0.03172,0.060828,0.077659,0.042524,-0.049116,0.009492,-0.011829,-0.038452,0.052862,0.03617,0.002294,0.038437,-0.021595,0.01043,-0.019251,0.065903,0.066012
14.9,0.041233,0.031635,-0.029316,0.065799,-0.001028,0.055322,0.014642,-0.04526,-0.04777,-0.008743,0.065184,0.025052,-0.011018,-0.030471,0.059461,0.078054,0.039947,-0.048942,0.011332,-0.010264,-0.0393,0.055081,0.038211,0.000653,0.036297,-0.020167,0.012012,-0.020552,0.067473,0.065396
14.9,0.039032,0.033864,-0.030345,0.066482,0.000479,0.057124,0.012896,-0.044455,-0.048088,-0.007182,0.062971,0.026935,-0.012505,-0.029179,0.05796,0.07818,0.037393,-0.048727,0.013199,-0.008659,-0.040103,0.057227,0.040222,-0.000929,0.03422,-0.018697,0.013587,-0.021831,0.068893,0.064516
14.9,0.036772,0.036099,-0.03134,0.066888,0.002002,0.058861,0.011177,-0.043601,-0.048354,-0.005576,0.060615,0.028815,-0.013966,-0.027823,0.056306,0.078015,0.034823,-0.04847,0.015092,-0.007031,-0.040852,0.059281,0.042221,-0.002478,0.032174,-0.017198,0.015164,-0.023091,0.070132,0.06337
14.9,0.034494,0.038315,-0.032296,0.067034,0.003552,0.060512,0.009485,-0.042707,-0.048563,-0.003963,0.058146,0.030682,-0.015387,-0.026449,0.054479,0.077552,0.032266,-0.048171,0.016998,-0.005361,-0.041538,0.061199,0.044195,-0.003984,0.030144,-0.015678,0.016736,-0.024313,0.071154,0.061983
14.9,0.032244,0.040508,-0.03322,0.066917,0.005134,0.062053,0.007832,-0.041764,-0.048743,-0.00232,0.055585,0.032544,-0.016759,-0.025031,0.052522,0.076804,0.029727,-0.047832,0.018919,-0.003648,-0.042181,0.06293,0.046159,-0.005433,0.02811,-0.014136,0.018323,-0.025502,0.071954,0.060427
14.9,0.030038,0.042698,-0.034111,0.066564,0.006749,0.063484,0.006206,-0.040761,-0.048874,-0.000616,0.052949,0.03441,-0.018108,-0.02355,0.050477,0.075799,0.027205,-0.047454,0.020893,-0.001893,-0.042761,0.064458,0.048131,-0.006851,0.026063,-0.012534,0.019922,-0.026664,0.072546,0.058737
14.9,0.027873,0.044846,-0.03496,0.065989,0.008389,0.064759,0.004608,-0.039699,-0.048946,0.001108,0.050253,0.036251,-0.0194,-0.022033,0.048403,0.074549,0.024706,-0.047033,0.022882,-0.000116,-0.043287,0.06574,0.050079,-0.008222,0.02402,-0.010911,0.021524,-0.027787,0.072895,0.056992
14.9,0.025742,0.04694,-0.035769,0.065203,0.010044,0.065871,0.003028,-0.038585,-0.048971,0.002857,0.047504,0.038064,-0.020649,-0.020471,0.046297,0.073072,0.022228,-0.046571,0.024884,0.001696,-0.043753,0.066777,0.051992,-0.009549,0.021982,-0.009265,0.023119,-0.028867,0.072992,0.055173
14.9,0.023636,0.048964,-0.036562,0.064226,0.01172,0.066822,0.001469,-0.037427,-0.048933,0.004632,0.044733,0.039853,-0.021866,-0.018878,0.044173,0.071392,0.019774,-0.046071,0.026892,0.003531,-0.04419,0.067588,0.053866,-0.010844,0.019948,-0.007594,0.024714,-0.02992,0.07283,0.053302
14.9,0.021572,0.050922,-0.037316,0.06304,0.013429,0.067602,-7.20E-05,-0.036225,-0.048836,0.006435,0.041965,0.041632,-0.023033,-0.017246,0.042027,0.069525,0.017365,-0.045525,0.028909,0.005396,-0.044564,0.068186,0.055685,-0.012099,0.017937,-0.0059,0.026321,-0.030924,0.072416,0.051418
14.9,0.019568,0.052817,-0.038019,0.06166,0.015153,0.06818,-0.001575,-0.034968,-0.048658,0.008271,0.039217,0.04338,-0.024138,-0.015568,0.039841,0.067479,0.015003,-0.044922,0.030939,0.007282,-0.044883,0.068557,0.057408,-0.013296,0.01596,-0.004179,0.02792,-0.031868,0.07174,0.049545
15,0.017613,0.054649,-0.038686,0.060087,0.016886,0.068543,-0.003074,-0.033651,-0.048414,0.010136,0.03647,0.045101,-0.025198,-0.01384,0.037582,0.065243,0.012673,-0.044261,0.032971,0.009181,-0.045154,0.068685,0.059014,-0.014459,0.013989,-0.002417,0.029518,-3.28E-02,0.07081,0.047646
15,0.015708,0.056405,-0.039329,0.05832,0.018631,0.068684,-0.004556,-0.032313,-0.048128,0.012018,0.033737,0.046788,-0.026217,-0.012091,0.035235,0.062831,0.010382,-0.043559,0.034993,0.011087,-0.045376,0.068552,0.060493,-0.015593,0.012023,-0.000644,0.031102,-0.033652,0.069645,0.04568
15,0.013804,0.05808,-0.039943,0.056397,0.020398,0.068604,-0.006034,-0.030928,-0.047785,0.01392,0.031017,0.048458,-0.027194,-0.010302,0.032817,0.060255,0.00812,-0.042812,0.037002,0.013018,-0.045564,0.068152,0.061844,-0.016696,0.010056,0.001149,0.032686,-0.034495,0.068257,0.043635
15,0.011893,0.059666,-0.040513,0.054395,0.022173,0.068295,-0.00749,-0.029491,-0.047388,0.015847,0.028338,0.050094,-0.02812,-0.008474,0.030392,0.057551,0.005913,-0.042004,0.038996,0.014958,-0.045697,0.067498,0.063072,-0.017765,0.008131,0.002964,0.034267,-0.035298,0.066671,0.041522
15,0.009969,0.061145,-0.041041,0.052373,0.023941,0.067737,-0.008918,-0.028011,-0.046935,0.017796,0.025704,0.05168,-0.028983,-0.006611,0.027967,0.054755,0.003774,-0.041143,0.04097,0.016887,-0.045783,0.066615,0.064165,-0.018787,0.006241,0.004804,0.035826,-0.036045,0.064908,0.039363
15,0.008037,0.06249,-0.041539,0.050279,0.025729,0.066902,-0.010347,-0.026474,-0.046428,0.019782,0.023084,0.053222,-0.029811,-0.004701,0.02554,0.051848,0.001666,-0.040218,0.042935,0.018831,-0.04583,0.065495,0.065116,-0.019792,0.004353,0.006685,0.037393,-0.036756,0.062948,0.037142
15,0.006113,0.063644,-0.042009,0.04811,0.027509,0.065799,-0.011765,-0.024908,-0.045876,0.021757,0.02051,0.054678,-0.030604,-0.002779,0.023148,0.04889,-0.000393,-0.039251,0.04484,0.020762,-0.045842,0.064186,0.065901,-0.020779,0.002488,0.008564,0.038934,-0.037439,0.060822,0.034923
15,0.004202,0.064586,-0.042433,0.045832,0.029279,0.064451,-0.013169,-0.023313,-0.045268,0.023731,0.017992,0.056035,-0.031356,-0.000844,0.020796,0.045903,-0.002391,-0.03824,0.046692,0.022673,-0.045814,0.062724,0.06651,-0.021736,0.000651,0.010448,0.040457,-0.038077,0.058545,0.032735
15,0.002322,0.0653,-0.042808,0.043463,0.031046,0.062894,-0.014537,-0.021662,-0.044585,0.025722,0.015538,0.057286,-0.032054,0.00113,0.018507,0.042902,-0.004324,-0.037168,0.048497,0.02457,-0.045737,0.061129,0.066932,-0.022659,-0.001149,0.01236,0.041964,-0.038653,0.05612,0.030573
15,0.000474,0.065763,-0.043144,0.041025,0.032819,0.061159,-0.015908,-0.019952,-0.04383,0.027735,0.01312,0.058433,-0.032716,0.00315,0.016265,0.039871,-0.006221,-0.036015,0.050248,0.02646,-0.045612,0.059382,0.067162,-0.023571,-0.002922,0.014306,0.043469,-0.039203,0.053534,0.028411
15,-0.001308,0.065968,-0.043429,0.038632,0.034568,0.059297,-0.017257,-0.018229,-0.043031,0.029718,0.010778,0.059457,-0.033344,0.00516,0.014119,0.036872,-0.008049,-0.034834,0.051897,0.028305,-0.045457,0.057516,0.06718,-0.02446,-0.004652,0.016237,0.044928,-0.039693,0.050844,0.026266
15,-0.003086,0.065922,-0.04368,0.036267,0.036319,0.057277,-0.018597,-0.016458,-0.042173,0.031706,0.008475,0.060385,-0.033935,0.007201,0.012025,0.03384,-0.009836,-0.033599,0.053481,0.030141,-0.045273,0.055503,0.066972,-0.02534,-0.006386,0.018191,0.046372,-0.040154,0.048019,0.02408
15,-0.004829,0.065657,-0.043881,0.033958,0.038029,0.055144,-0.019917,-0.014661,-0.041241,0.033675,0.006247,0.061205,-0.034481,0.00924,0.010021,0.030845,-0.011559,-0.032309,0.054966,0.031926,-0.04504,0.053382,0.066543,-0.026204,-0.008094,0.020141,0.047756,-0.040554,0.045137,0.021887
15.1,-0.006555,0.065192,-0.044032,0.031688,0.039714,0.05286,-0.021218,-0.012808,-0.040231,0.035645,0.004069,0.061908,-0.034985,0.011311,0.008091,0.027851,-0.013231,-0.030941,0.056372,0.033692,-0.044757,0.051149,0.065876,-0.02705,-0.009779,0.022116,0.049091,-0.040905,0.04218,0.019692
15.1,-0.008237,0.064534,-0.04414,0.02945,0.041363,0.050449,-0.022489,-0.010932,-0.039162,0.037599,0.001947,0.062466,-0.035444,0.013383,0.006241,0.024876,-0.014836,-0.029519,0.057659,0.035441,-0.044447,0.048818,0.064977,-0.027879,-0.011437,0.024093,0.050353,-0.041211,0.039183,0.017514
15.1,-0.009858,0.063681,-0.044201,0.027218,0.04296,0.047938,-0.023749,-0.009039,-0.038038,0.039519,-0.000116,0.062864,-0.035875,0.01544,0.00445,0.021941,-0.016394,-0.028055,0.058801,0.037164,-0.044101,0.046403,0.063862,-0.028711,-0.013071,0.026054,0.051537,-0.041465,0.036182,0.015349
15.1,-0.011437,0.062617,-0.044212,0.024957,0.044506,0.045331,-0.024985,-0.007113,-0.036849,0.041408,-0.002124,6.31E-02,-0.036283,0.017496,0.002689,0.01903,-0.017889,-0.02652,0.05978,0.038865,-0.043707,0.043884,0.062525,-0.029536,-0.014682,0.028014,0.052627,-0.041676,0.033172,0.013182
15.1,-0.012971,0.061351,-0.044159,0.022687,0.045993,0.042624,-0.026192,-0.005146,-0.035591,0.043277,-0.004087,0.06312,-0.036644,0.019561,0.000957,0.016137,-0.019327,-0.024918,0.060598,0.040558,-0.043265,0.041321,0.06096,-0.030348,-0.016287,0.029981,0.053609,-0.041826,0.03015,0.011023
15.1,-0.014439,0.059902,-0.044046,0.020437,0.047417,0.039873,-0.027367,-0.003158,-0.034287,0.045106,-0.005997,0.062969,-0.03699,0.021609,-0.000716,0.013293,-0.020703,-0.023261,0.061244,0.042218,-0.04276,0.038749,0.059214,-0.031155,-0.017836,0.031939,0.054474,-0.041922,0.027165,0.008915
15.1,-0.015869,0.05828,-0.043889,0.018185,0.048785,0.03709,-0.02852,-0.001141,-0.032936,0.046896,-0.007861,0.062644,-0.037325,0.023651,-0.002369,0.0105,-0.02203,-0.021541,0.0617,0.043854,-0.04223,0.036182,0.057298,-0.031959,-0.019358,0.033892,0.055229,-0.041979,0.024221,0.00685
15.1,-0.017287,0.056455,-0.04368,0.015902,0.050112,0.034264,-0.029641,0.000909,-0.031536,0.048645,-0.009688,0.062132,-0.037634,0.025686,-0.004021,0.007741,-0.023294,-0.01976,0.061957,0.045465,-0.041637,0.033585,0.055216,-0.032758,-0.020859,0.035842,0.055879,-0.04198,0.021303,0.004818
15.1,-0.01865,0.054459,-0.043406,0.013649,0.051344,0.031451,-0.030708,0.002956,-0.030112,0.050298,-0.011448,0.061415,-0.03792,0.027673,-0.005632,0.005071,-0.024476,-0.017943,0.061999,0.046982,-0.041,0.031016,0.053002,-0.033537,-0.022305,0.037746,0.056403,-0.041919,0.018456,0.002875
15.1,-0.01999,0.052279,-0.043082,0.011399,0.052507,0.028609,-0.031754,0.005046,-0.028625,0.051876,-0.013188,0.060474,-0.038198,0.029662,-0.007231,0.002431,-0.025617,-0.016054,0.061833,0.048438,-0.040307,0.028461,0.050629,-0.034323,-0.023686,0.039652,0.056806,-0.041824,0.015628,0.000996
15.1,-0.021282,0.049965,-0.042703,0.009201,0.053585,0.025798,-0.032771,0.007143,-0.027123,0.05336,-0.014877,0.059331,-0.038462,0.031625,-0.008761,-0.000137,-0.026712,-0.01413,0.06148,0.049805,-0.03957,0.02596,0.048155,-0.035103,-0.024973,0.041528,0.057087,-0.041698,0.012872,-0.000802
15.1,-0.022544,0.047516,-0.042273,0.007033,0.054578,0.023005,-0.033745,0.009263,-0.025565,0.054723,-0.016522,0.05798,-0.038711,0.033567,-0.010252,-0.002624,-0.027748,-0.012148,0.060925,0.051106,-0.038785,0.02348,0.045574,-0.035858,-0.026153,0.043374,0.057222,-0.041537,0.01018,-0.002563
15.2,-0.023799,0.044934,-0.041771,0.004875,0.055469,0.020223,-0.03467,0.011403,-0.023958,0.05597,-0.018131,0.056431,-0.038936,0.035482,-0.011695,-0.005053,-0.02873,-0.010108,0.060172,0.052328,-0.037934,0.020972,0.042893,-0.036585,-0.027222,0.045178,0.057183,-0.041325,0.007538,-0.004313
15.2,-0.025038,0.042295,-0.041228,0.00278,0.056243,0.017479,-0.035561,0.013539,-0.02231,0.057105,-0.019694,0.05471,-0.039153,0.037356,-0.01309,-0.007399,-0.029675,-0.008032,0.059233,0.05346,-0.037037,0.018486,0.040163,-0.037296,-0.028206,0.046919,0.056965,-0.04108,0.004968,-0.006024
15.2,-0.026231,0.039625,-0.040647,0.000768,0.05689,0.014769,-0.036424,0.01568,-0.020622,0.058155,-0.021233,0.052826,-0.039368,0.039206,-0.014397,-0.009666,-0.03059,-0.005922,0.058106,0.054504,-0.036105,0.016022,0.037384,-0.037994,-0.029118,0.048618,0.056566,-0.040818,0.002474,-0.007682
15.2,-0.027373,0.036935,-0.040014,-0.00118,0.057411,0.012092,-0.037238,0.017836,-0.018881,0.059119,-0.022731,0.050773,-0.03956,0.041039,-0.015649,-0.011865,-0.031465,-0.003761,0.05677,0.055458,-0.035106,0.013567,0.034554,-0.038654,-0.029984,0.050272,0.055978,-0.040517,3.80E-05,-0.009322
15.2,-0.028457,0.034257,-0.039314,-0.003057,0.057786,0.009477,-0.037982,0.019994,-0.017083,0.059951,-0.024188,0.048581,-0.039723,0.042831,-0.016857,-0.013969,-0.03229,-0.001558,0.055242,0.056303,-0.034034,0.011132,0.031714,-0.039274,-0.030835,0.051843,0.055212,-0.040178,-0.002309,-0.010934
15.2,-0.029488,0.031583,-0.03857,-0.004874,0.058018,0.006915,-0.038677,0.022143,-0.015237,0.060626,-0.025601,0.046258,-0.03988,0.044589,-0.018038,-0.015988,-0.033081,0.000677,0.053524,0.057037,-0.032905,0.008714,0.028862,-0.03986,-0.031709,0.053345,0.054276,-0.039805,-0.004575,-0.01253
15.2,-0.030456,0.028949,-0.037797,-0.006624,0.058098,0.004426,-0.03933,0.024263,-0.013366,0.061127,-0.026984,0.043829,-0.040037,0.0463,-0.019181,-0.017922,-0.033838,0.002923,0.051668,0.057654,-0.031733,0.006357,0.026022,-0.040423,-0.032606,0.054756,0.053187,-0.03943,-0.006761,-0.014099
15.2,-0.031374,0.026333,-0.036967,-0.008327,0.058006,0.001977,-0.039929,0.026382,-0.011434,0.061448,-0.028337,0.041286,-0.040179,0.047972,-0.020288,-0.019786,-0.03457,0.00522,0.049677,0.058144,-0.030485,0.004042,0.02316,-0.040954,-0.033516,0.056092,0.051928,-0.039023,-0.008887,-0.015628
15.2,-0.032264,0.023747,-0.036075,-0.009973,0.057745,-0.000391,-0.04046,0.028476,-0.009451,0.061589,-0.029634,0.038666,-0.040287,0.049589,-0.021369,-0.021558,-0.035258,0.007541,0.04759,0.058498,-0.029162,0.001797,0.020321,-0.041426,-0.034432,0.057319,0.05053,-0.038572,-0.010924,-0.017141
15.2,-0.033149,0.021202,-0.03513,-0.01158,0.057329,-0.002684,-0.040938,0.030543,-0.007431,0.061554,-0.030889,0.035993,-0.040374,0.051142,-0.022435,-0.023248,-0.035908,0.009878,0.045414,0.058732,-0.027761,-0.000373,0.01751,-0.041851,-0.035351,0.05843,0.049004,-0.038102,-0.012879,-0.01862
15.2,-0.034015,0.018665,-0.034151,-0.013161,0.056751,-0.004918,-0.041381,0.032579,-0.005373,0.061328,-0.032112,0.033256,-0.040451,0.052619,-0.023475,-0.02486,-0.036541,0.012242,0.043132,0.05885,-0.02631,-0.002478,0.014712,-0.042248,-0.036251,0.059415,0.047344,-0.037617,-0.014766,-0.020078
15.2,-0.034864,0.016171,-0.033129,-0.014684,0.056015,-0.007079,-0.041774,0.034564,-0.003293,0.060908,-0.033283,0.030482,-0.0405,0.054005,-0.024484,-0.026393,-0.037154,0.014596,0.040779,0.058842,-0.024798,-0.004488,0.011954,-0.042585,-0.037112,0.060255,0.045551,-0.037122,-0.016578,-0.021466
15.2,-0.035734,0.013688,-0.032044,-0.016206,0.055107,-0.009186,-0.04212,0.036526,-0.001159,0.060303,-0.034413,0.027653,-0.040506,0.055318,-0.025494,-0.027855,-0.037732,0.016977,0.038359,0.058693,-0.023211,-0.006427,0.009213,-0.042862,-0.037952,0.060961,0.043609,-0.036579,-0.018335,-0.022813
15.3,-0.036625,0.011264,-0.030926,-0.017688,0.054054,-0.011206,-0.042409,0.038443,0.001005,0.059507,-0.035485,0.024834,-0.04048,0.056543,-0.026504,-0.02923,-0.038288,0.01936,0.03591,0.058403,-0.021564,-0.008278,0.006533,-0.043083,-0.038758,0.061527,0.041564,-0.036025,-0.020007,-0.024092
15.3,-0.037536,0.008865,-0.02977,-0.01917,0.052844,-0.013172,-0.042661,0.040317,0.003206,0.058508,-0.036523,0.022007,-0.040424,0.057685,-0.027533,-0.030531,-0.038827,0.021742,0.033419,0.057954,-0.019863,-0.010076,0.003885,-0.043248,-0.039504,0.061939,0.0394,-0.035441,-0.02162,-0.025299
15.3,-0.038422,0.006524,-0.028586,-0.020611,0.051486,-0.015082,-0.042871,0.042129,0.005428,0.057315,-0.037512,0.019174,-0.04033,0.05873,-0.028564,-0.031761,-0.03935,0.024116,0.030886,0.057336,-0.018118,-0.011825,0.001278,-0.04336,-0.04015,0.062188,0.037129,-0.034834,-0.023184,-0.026432
15.3,-0.039242,0.004256,-0.027379,-0.022021,0.049992,-0.016918,-0.043035,0.043869,0.00766,0.055959,-0.038446,0.016384,-0.040196,0.059678,-0.029587,-0.032911,-0.039849,0.02646,0.028368,0.056548,-0.016327,-0.013537,-0.001265,-0.043419,-0.040686,0.062272,0.034794,-0.034207,-0.024668,-0.027503
15.3,-0.039983,0.002024,-0.026118,-0.023401,0.048344,-0.018718,-0.043157,0.045579,0.009954,0.054453,-0.039338,0.01359,-0.040005,0.060543,-0.030619,-0.033998,-0.040344,0.028816,0.025824,0.055576,-0.014457,-0.015253,-0.003773,-0.043428,-0.041189,0.062196,0.032377,-0.033527,-0.026116,-0.028554
15.3,-0.040613,-0.000119,-0.02483,-0.024697,0.046579,-0.020455,-0.043222,0.047206,0.012254,0.052825,-0.040165,0.010851,-0.039762,0.06129,-0.031613,-0.035003,-0.040809,0.031134,0.023334,0.054449,-0.012559,-0.016917,-0.006213,-0.043379,-0.041649,0.061943,0.029933,-0.032824,-0.027489,-0.029553
15.3,-0.04118,-0.002209,-0.02351,-0.025925,0.044694,-0.022147,-0.043254,0.04875,0.01457,0.051066,-0.040935,0.008153,-0.039471,0.061901,-0.032577,-0.035944,-0.041271,0.033414,0.020841,0.053161,-0.010614,-0.018557,-0.008592,-0.043283,-0.042121,0.061501,0.027461,-0.032088,-0.02881,-0.030526
15.3,-0.04172,-0.004231,-0.022175,-0.027093,0.042726,-0.023765,-0.043258,0.050207,0.016881,0.049201,-0.041647,0.005527,-0.039134,0.062374,-0.033523,-0.036815,-0.041713,0.035631,0.0184,0.051737,-0.008642,-0.02017,-0.010888,-0.043145,-0.042592,0.060872,0.024999,-0.03132,-0.030066,-0.031503
15.3,-0.042254,-0.006209,-0.020782,-0.028221,0.040649,-0.025352,-0.043218,0.051593,0.01923,0.047223,-0.042304,0.002934,-0.038718,0.062702,-0.034446,-0.037634,-0.042138,0.037814,0.015967,0.050161,-0.00661,-0.021746,-0.013141,-0.042931,-0.043066,0.060078,0.022517,-0.030498,-0.031272,-0.032507
15.3,-0.042699,-0.008096,-0.019356,-0.029289,0.038494,-0.026879,-0.043143,0.052889,0.021577,0.04517,-0.042894,0.000416,-0.038242,0.062876,-0.035306,-0.038393,-0.04253,0.03993,0.013601,0.048454,-0.004535,-0.023252,-0.015311,-0.042659,-0.043481,0.059133,0.020046,-0.029629,-0.032417,-0.033497
15.3,-0.043056,-0.009918,-0.017881,-0.030328,0.036252,-0.02837,-0.043039,0.054117,0.023942,0.043019,-0.043439,-0.002054,-0.03769,0.062901,-0.036108,-0.039109,-0.042916,0.041991,0.011261,0.046616,-0.002405,-0.024681,-0.017427,-0.042336,-0.043871,0.058037,0.017572,-0.02871,-0.033522,-0.034466
15.3,-0.043334,-0.011669,-0.016386,-0.031361,0.033967,-0.029793,-0.042913,0.055245,0.026285,0.040808,-0.043926,-0.004427,-0.037094,0.062769,-0.036872,-0.039752,-0.043281,0.043953,0.008969,0.044691,-0.000258,-0.026043,-0.019457,-0.041958,-0.044277,0.056804,0.01514,-0.027753,-0.034565,-0.035398
15.4,-0.043572,-0.013362,-0.014851,-0.032387,0.031643,-0.031161,-0.042759,0.056278,0.028604,0.038533,-0.044358,-0.00671,-0.036422,0.062473,-0.037619,-0.040346,-0.043616,0.045822,0.006719,0.042678,0.001923,-0.027322,-0.021406,-0.04152,-0.0447,0.055435,0.01274,-0.02674,-0.035554,-0.036272
15.4,-0.04378,-0.014994,-0.013269,-0.033396,0.02927,-0.032477,-0.042574,0.057226,0.030906,0.036195,-0.044736,-0.008925,-0.035672,0.06201,-0.038328,-0.040887,-0.043927,0.047611,0.004509,0.040568,0.004152,-0.028519,-0.023295,-0.041026,-0.045096,0.053919,0.010368,-0.02566,-0.036505,-0.037067
15.4,-0.043971,-0.016546,-0.011642,-0.034376,0.026854,-0.033747,-0.042362,0.058094,0.033186,0.033819,-0.045072,-0.011064,-0.034862,0.061392,-0.038989,-0.041386,-0.044212,0.049313,0.002361,0.038373,0.006406,-0.029626,-0.025119,-0.040477,-0.045414,0.052286,0.00802,-0.024525,-0.037416,-0.037789
15.4,-0.044165,-0.018046,-0.00998,-0.035335,0.024419,-0.034969,-0.04213,0.05888,0.035423,0.031413,-0.04536,-0.01312,-0.033987,0.060609,-0.039629,-0.041841,-0.044466,0.050928,0.000263,0.036105,0.008683,-0.030653,-0.026866,-0.039884,-0.045671,0.050522,0.005712,-0.023333,-0.03829,-0.038472
15.4,-0.044373,-0.019503,-0.008272,-0.03628,0.021973,-0.036135,-0.041857,0.059578,0.037612,0.028962,-0.045597,-0.015081,-0.033035,0.059656,-0.040287,-0.042261,-0.044686,0.052462,-0.001799,0.033782,0.010986,-0.031621,-0.028537,-0.039236,-0.045865,0.04863,0.00346,-0.02207,-0.039122,-0.039124
15.4,-0.044617,-0.020927,-0.006512,-0.037189,0.01952,-0.037241,-0.04155,0.060173,0.039746,0.02649,-0.045779,-0.01696,-0.032004,0.058538,-0.040953,-0.042635,-0.044861,0.053901,-0.003817,0.031412,0.01331,-0.032525,-0.030137,-0.038523,-0.045975,0.046624,0.00125,-0.02073,-0.039906,-0.03972
15.4,-0.044863,-0.022287,-0.004722,-0.038025,0.017063,-0.038295,-0.041223,0.060666,0.041816,0.024021,-0.045912,-0.018755,-0.030911,0.057275,-0.041598,-0.042987,-0.044999,0.055255,-0.005762,0.028996,0.015632,-0.033358,-0.031652,-0.037771,-0.045969,0.044535,-0.000913,-0.019338,-0.040656,-0.04028
15.4,-0.045058,-0.023582,-0.002892,-0.038793,0.014608,-0.039303,-0.040868,0.061066,0.04383,0.021569,-0.046005,-0.020475,-0.029755,0.055873,-0.042204,-0.043319,-0.045104,0.056518,-0.007637,0.026548,0.017961,-0.034142,-0.033103,-0.03698,-0.04588,0.042377,-0.003032,-0.017879,-0.04138,-0.040805
15.4,-0.045172,-0.024837,-0.001015,-0.039525,0.012175,-0.040255,-0.040482,0.061353,0.045776,0.019133,-0.046045,-0.02211,-0.028525,0.054343,-0.042735,-0.043625,-0.045158,0.057679,-0.009458,0.024089,0.020294,-0.0349,-0.034461,-0.036138,-0.045768,0.040154,-0.005089,-0.016346,-0.042066,-0.041334
15.4,-0.04522,-0.026062,0.000919,-0.04022,0.009751,-0.041146,-0.040054,0.061518,0.047655,0.016689,-0.046025,-0.023655,-0.027213,0.052662,-0.043197,-0.043903,-0.045152,0.058731,-0.011249,0.02161,0.02263,-0.035654,-0.035734,-0.035232,-0.045657,0.037846,-0.007095,-0.014726,-0.042702,-0.041838
15.4,-0.045251,-0.027216,0.002883,-0.040841,0.007353,-0.041974,-0.039593,0.061561,0.049445,0.014276,-0.045953,-0.025127,-0.025835,0.050859,-0.043562,-0.044158,-0.045097,0.059661,-0.012976,0.019126,0.024944,-0.036382,-0.036923,-0.03429,-0.045526,0.035495,-0.009046,-0.013054,-0.043303,-0.042298
15.4,-0.045289,-0.028289,0.004876,-0.041408,0.004979,-0.042756,-0.039121,0.061494,0.05113,0.011917,-0.045852,-0.026516,-0.024408,0.048977,-0.043856,-0.044399,-0.045005,0.060467,-0.014628,0.016647,0.027229,-0.037084,-0.038036,-0.033321,-0.04536,0.03313,-0.010943,-0.011322,-0.043871,-0.042698
15.4,-0.045313,-0.029306,0.006929,-0.041937,0.002621,-0.043496,-0.038594,0.061315,0.052726,0.009588,-0.045711,-0.027847,-0.022892,0.046993,-0.044094,-0.044626,-0.044859,0.061153,-0.016246,0.014159,0.029507,-0.037759,-0.039079,-0.032297,-0.045159,0.030724,-0.012802,-0.0095,-0.044412,-0.043067
15.5,-0.045304,-0.030257,0.009012,-0.042425,0.000316,-0.044163,-0.038025,0.061013,0.054201,0.007302,-0.045516,-0.02909,-0.021309,0.044925,-0.044291,-0.044813,-0.044644,0.0617,-0.017798,0.0117,0.03174,-0.038393,-0.040018,-0.031224,-0.044934,0.028308,-0.01459,-0.007614,-0.044892,-0.043379
15.5,-0.04527,-0.03115,0.011123,-0.042873,-0.001944,-0.044756,-0.037412,0.060586,0.055539,0.005054,-0.045281,-0.030248,-0.019659,0.042777,-0.044493,-0.044971,-0.044376,0.062113,-0.019293,0.009273,0.033929,-0.038964,-0.040867,-0.030109,-0.04472,0.025868,-0.016315,-0.005668,-0.045324,-0.043642
15.5,-0.045228,-0.031991,0.013266,-0.043262,-0.004183,-4.53E-02,-0.036771,0.060036,0.056749,0.00284,-0.045024,-0.031357,-0.017952,0.040553,-0.044711,-0.045119,-0.044067,0.062403,-0.020725,0.006846,0.036079,-0.039465,-0.041653,-0.028955,-0.044509,0.023422,-0.018003,-0.003657,-0.045725,-0.043849
15.5,-0.045186,-0.032787,0.015433,-0.043571,-0.006375,-0.045818,-0.036088,0.059374,0.057826,0.000691,-0.044741,-0.032414,-0.016181,0.038283,-0.04492,-0.045245,-0.043699,0.06258,-0.022089,0.004455,0.03817,-0.039894,-0.042371,-0.027759,-0.044271,0.020985,-0.019644,-0.001584,-0.046097,-0.044009
15.5,-0.045111,-0.033551,0.017629,-0.043832,-0.008518,-0.046257,-0.035334,0.058589,0.058777,-0.001407,-0.044419,-0.033406,-0.014325,0.035958,-0.045109,-0.045329,-0.043263,0.062647,-0.023377,0.002098,4.02E-02,-0.04027,-0.043,-0.026502,-0.043978,0.018558,-0.021234,0.000561,-0.046407,-0.044148
15.5,-0.044943,-0.034287,0.019834,-0.044057,-0.010591,-0.046615,-0.034535,0.057688,0.059603,-0.003453,-0.04407,-0.034323,-0.012416,0.033601,-0.045254,-0.045372,-0.042761,0.062607,-0.024601,-0.000199,0.042163,-0.04059,-0.043527,-0.025208,-0.043628,0.016147,-0.022747,0.002754,-0.046659,-0.044271
15.5,-0.044646,-0.034982,0.022065,-0.044227,-0.012622,-0.046936,-0.033689,0.056659,0.060308,-0.005461,-0.043703,-0.0352,-0.010442,0.031192,-0.045353,-0.045397,-0.042213,0.062451,-0.025768,-0.002452,0.044054,-0.040859,-0.043991,-0.023861,-0.043229,0.01373,-0.024231,0.005015,-0.046884,-0.044374
15.5,-0.044242,-0.035622,0.024287,-0.044342,-0.014598,-0.047213,-0.032793,0.05552,0.060882,-0.007398,-0.043329,-0.036032,-0.008419,0.028769,-0.045408,-0.045402,-0.041599,0.062179,-0.02685,-0.00465,0.045845,-0.041081,-0.04439,-0.022478,-0.04276,0.011356,-0.025666,0.007315,-0.047075,-0.044444
15.5,-0.043741,-0.036229,0.026511,-0.044422,-0.016522,-0.047415,-0.031834,0.054273,0.061346,-0.009279,-0.04292,-0.03681,-0.006337,0.026341,-0.045405,-0.045365,-0.04092,0.061793,-0.027867,-0.0068,0.047554,-0.041273,-0.044704,-0.021044,-0.042223,0.009006,-0.027063,0.009663,-0.047202,-0.044492
15.5,-0.043198,-0.036773,0.02874,-0.044463,-0.018383,-0.047554,-0.030805,0.052909,0.061681,-0.011105,-0.042484,-0.037534,-0.004188,0.023891,-0.045322,-0.045295,-0.040174,0.061299,-0.028832,-0.008883,0.049174,-0.041435,-0.044942,-0.019545,-0.041599,0.006682,-0.028404,0.01207,-0.047272,-0.044523
15.5,-0.042601,-0.037254,0.030951,-0.044438,-0.020175,-0.047645,-0.029715,0.051439,0.061876,-0.012862,-0.042038,-0.038216,-0.001982,0.021449,-0.045158,-0.045206,-0.039364,0.060681,-0.029742,-0.010887,0.050683,-0.041555,-0.045123,-0.018,-0.040924,0.004399,-0.0297,0.014513,-0.047298,-0.044531
15.5,-0.041965,-0.037666,0.033123,-0.04434,-0.021901,-0.047677,-0.02857,0.049855,0.061924,-0.014568,-0.041569,-0.038847,0.000259,0.019005,-0.044916,-0.045086,-0.038502,0.059951,-0.030613,-0.012829,0.052075,-0.041648,-0.045241,-0.016412,-0.040214,0.002151,-0.030962,0.01697,-0.047272,-0.044492
15.6,-0.041297,-0.038035,0.035246,-0.044194,-0.023562,-0.047648,-0.027362,0.04818,0.061828,-0.016218,-0.041084,-0.039435,0.002538,0.01658,-0.044637,-0.04493,-0.037582,0.059119,-0.031457,-0.014702,0.053346,-0.041722,-0.045304,-0.014774,-0.039486,-5.30E-05,-0.032181,0.019443,-0.04719,-0.044397
15.6,-0.040594,-0.038357,0.037332,-0.04403,-0.025165,-0.047562,-0.026067,0.046394,0.061598,-0.017808,-0.040566,-0.039983,0.004885,0.014161,-0.044327,-0.044742,-0.036591,0.058178,-0.032279,-0.016513,0.054502,-0.041768,-0.045318,-0.013063,-0.038743,-0.002217,-0.033356,0.021944,-0.047058,-0.04425
15.6,-0.039872,-0.038642,0.039341,-0.043853,-0.026676,-0.047414,-0.024704,0.044529,0.061247,-0.019347,-0.040031,-0.040478,0.007265,0.011771,-0.043979,-0.044519,-0.035546,0.057149,-0.033066,-0.01824,0.055519,-0.041771,-0.045279,-0.011301,-0.037966,-0.004321,-0.034475,0.024432,-0.046871,-0.04405
15.6,-0.03911,-0.0389,0.041267,-0.043668,-0.028116,-0.047204,-0.023281,0.042577,0.060768,-0.020828,-0.03947,-0.040929,0.009667,0.009412,-0.04361,-0.044261,-0.034449,0.05602,-0.033803,-0.019882,0.056386,-0.04174,-0.045193,-0.009486,-0.037123,-0.006377,-0.035536,0.02689,-0.046634,-0.04381
15.6,-0.038268,-0.039137,0.043108,-0.043472,-0.029481,-0.046934,-0.021771,0.040532,0.06017,-0.022267,-0.038887,-0.041347,0.012111,0.007066,-0.043226,-0.043961,-0.033291,0.054781,-0.034509,-0.021464,0.057097,-0.041676,-0.045065,-0.007604,-0.036191,-0.008392,-0.036548,0.029334,-0.046353,-0.04352
15.6,-0.037331,-0.039354,0.044836,-0.043269,-0.030778,-0.046609,-0.020204,0.038437,0.059471,-0.023638,-0.038278,-0.04173,0.014555,0.004766,-0.042785,-0.043619,-0.032082,0.053471,-0.035177,-0.022974,0.057656,-0.041569,-0.044904,-0.005675,-0.035174,-0.01035,-0.037503,0.031722,-0.046017,-0.043173
15.6,-0.036284,-0.039565,0.046464,-0.043032,-0.032005,-0.04623,-0.018549,0.036284,0.058669,-0.024957,-0.037638,-0.042085,0.017021,0.002514,-0.042267,-0.043239,-0.030812,0.052069,-0.035779,-0.024414,0.058076,-0.041419,-0.044712,-0.003679,-0.034058,-0.012253,-0.038398,0.034088,-0.045624,-0.042748
15.6,-0.035145,-0.039749,0.047955,-0.042734,-0.033149,-0.045788,-0.016818,0.034083,0.057767,-0.026213,-0.036974,-0.042397,0.019494,0.000308,-0.041646,-0.042809,-0.029489,0.050583,-0.036318,-0.025772,0.058354,-0.041232,-0.044491,-0.00162,-0.032858,-0.014093,-0.039225,0.036415,-0.045186,-0.042269
15.6,-0.033914,-0.039915,0.049311,-0.042383,-0.034228,-0.045291,-0.015013,0.031822,0.056761,-0.02742,-0.036272,-0.042682,0.021967,-0.001866,-0.040942,-0.042331,-0.028114,0.049002,-0.036807,-0.02708,0.05849,-0.041017,-0.044244,0.000501,-0.031569,-0.015883,-0.039992,0.0387,-0.044679,-0.041712
15.6,-0.032618,-0.040052,0.050516,-0.041982,-0.035241,-0.044745,-0.013134,0.029533,0.055661,-0.02859,-0.035536,-0.042947,0.024434,-0.003995,-0.040177,-0.041808,-0.02668,0.047343,-0.037265,-0.028327,0.058485,-0.040784,-0.043978,0.002678,-0.030189,-0.017622,-0.040704,0.04092,-0.044136,-0.041099
15.6,-0.031266,-0.040131,0.051583,-0.041514,-0.036179,-0.04417,-0.011189,0.027226,0.054478,-0.029713,-0.034775,-0.043191,0.026876,-0.006059,-0.039351,-0.041248,-0.025214,0.045615,-0.037671,-0.029506,0.058336,-0.040535,-0.043698,0.004903,-0.028693,-0.019294,-0.041356,0.043049,-0.043541,-0.040413
15.6,-0.029822,-0.040157,0.052522,-0.040958,-0.037037,-0.04353,-0.009165,0.024892,0.053206,-0.030794,-0.033975,-0.043391,0.029325,-0.008067,-0.038461,-0.040625,-0.023685,0.043813,-0.03805,-0.030623,0.058036,-0.04027,-0.043387,0.007196,-0.027079,-0.020897,-0.041936,0.045072,-0.042893,-0.039668
15.6,-0.028318,-0.04015,0.053327,-0.040328,-0.037815,-0.04285,-0.00707,0.022554,0.051855,-0.03183,-0.033128,-0.043563,0.031753,-0.010015,-0.037525,-0.039951,-0.022112,0.041953,-0.038393,-0.031674,0.057597,-0.039982,-0.043054,0.009533,-0.025349,-0.022436,-0.04245,0.046958,-0.042195,-0.038888
15.7,-0.026746,-0.040115,0.05399,-0.039653,-0.038536,-0.042139,-0.004897,0.020192,0.050425,-0.03283,-0.032238,-0.04371,0.034179,-0.01192,-0.036557,-0.039229,-0.02048,0.040019,-0.038714,-0.032673,0.057018,-0.039683,-0.042699,0.011926,-0.023522,-0.023924,-0.042912,0.048708,-0.041445,-0.038065
15.7,-0.02511,-0.040051,0.054506,-0.038965,-0.039199,-0.041386,-0.00266,0.017811,0.048905,-0.033781,-0.031305,-0.043827,0.036575,-0.013777,-0.03555,-0.038454,-0.018804,0.038017,-0.039009,-0.033613,0.05631,-0.039376,-0.042333,0.014366,-0.021604,-0.025361,-0.043316,0.05031,-0.040653,-0.037185
15.7,-0.023388,-0.039957,0.054859,-0.038254,-0.039785,-0.040596,-0.000376,0.015453,0.047325,-0.034654,-0.030329,-0.043897,0.038905,-0.015562,-0.034485,-0.037627,-0.017093,0.035969,-0.039249,-0.034479,0.055483,-0.039033,-0.041938,0.016815,-0.01961,-0.026728,-0.043645,0.051738,-0.039812,-0.036246
15.7,-0.021573,-0.039825,0.05507,-0.037506,-0.040318,-0.039769,0.001988,0.013089,0.045668,-0.035466,-0.029294,-0.043921,0.041178,-0.017296,-0.033345,-0.036739,-0.015318,0.033865,-0.039437,-0.03528,0.054546,-0.038645,-0.041518,0.019315,-0.017533,-0.028053,-0.043917,0.053015,-0.03892,-0.035253
15.7,-0.019673,-0.039674,0.055127,-0.036748,-0.04079,-0.038915,0.004425,0.010725,0.043944,-0.036229,-0.028205,-0.043903,0.043357,-0.01897,-0.032143,-0.035799,-0.013487,0.031713,-0.039598,-0.036021,0.053502,-0.038243,-0.041086,0.021834,-0.015389,-0.029333,-0.044136,0.054127,-0.037984,-0.034215
15.7,-0.017699,-0.039505,0.055024,-0.035974,-0.041216,-0.038035,0.00691,0.008377,0.042156,-0.036934,-0.027062,-0.043839,0.045408,-0.020579,-0.030875,-0.034806,-0.011616,0.029519,-0.039721,-0.036711,0.052347,-0.037798,-0.040624,0.024361,-0.013194,-0.030566,-0.044295,0.055056,-0.037004,-0.033131
15.7,-0.015653,-0.039297,0.054772,-0.035157,-0.041572,-0.03714,0.009441,0.006046,0.040312,-0.037592,-0.025865,-0.043729,0.047312,-0.022126,-0.029562,-0.033767,-0.009709,0.027293,-0.039799,-0.037349,0.051088,-0.037308,-0.040157,0.02686,-0.010936,-0.03174,-0.044395,0.055804,-0.035992,-0.032002
15.7,-0.013514,-0.03904,0.054389,-0.034277,-0.041869,-0.036221,0.012034,0.003726,0.038406,-0.038218,-0.024611,-0.043565,0.049092,-0.023607,-0.028194,-0.032674,-0.007749,0.025027,-0.03984,-0.037935,0.049732,-0.036764,-0.039653,0.029371,-0.008598,-0.032855,-0.044431,0.056399,-0.03494,-0.030833
15.7,-0.011307,-0.03875,0.053876,-0.033369,-0.042109,-0.035285,0.01468,0.001442,0.036466,-0.038788,-0.023292,-0.043352,0.050738,-0.025033,-0.026763,-0.031524,-0.005738,0.022752,-0.039842,-0.038471,0.048306,-0.036201,-0.039135,0.031859,-0.006206,-0.033907,-0.0444,0.05684,-0.03385,-0.029648
15.7,-0.009029,-0.038433,0.053241,-0.032438,-0.042292,-0.034337,0.01738,-0.000817,0.034481,-0.039317,-0.021904,-0.04309,0.052248,-0.026395,-0.025274,-0.030325,-0.003675,0.020464,-0.039811,-0.038968,0.046792,-0.035586,-0.038588,0.034331,-0.00374,-0.034887,-0.044308,0.057131,-0.032729,-0.028435
15.7,-0.006674,-0.038076,0.052472,-0.03147,-0.042424,-0.033382,0.020106,-0.003055,0.032454,-0.039791,-0.020462,-0.042775,0.05359,-0.02771,-0.023694,-0.029079,-0.001575,0.018156,-0.039755,-0.03942,0.045208,-0.034933,-0.038028,0.036743,-0.001225,-0.035794,-0.044155,0.057249,-0.031582,-0.027187
15.7,-0.004254,-0.037681,0.051577,-0.030459,-0.042503,-0.032417,0.022852,-0.005259,0.030386,-0.040221,-0.018957,-0.042409,0.054745,-0.028981,-0.022038,-0.027781,0.000569,0.015836,-0.039679,-0.039818,0.043548,-0.034254,-0.037441,0.039085,0.00136,-0.036637,-0.043928,0.057187,-0.030408,-0.025898
15.8,-0.00175,-0.037268,0.050571,-0.029409,-0.042536,-0.031441,0.02562,-0.007424,0.028288,-0.040593,-0.01738,-0.041985,0.055711,-0.030197,-0.020297,-0.026434,0.002766,0.013522,-0.039584,-0.040178,0.041829,-0.033548,-0.036824,0.041341,0.003987,-0.037413,-0.04364,0.056954,-0.029204,-0.024584
15.8,0.000819,-0.036812,0.049474,-0.028316,-0.042536,-0.030452,0.02838,-0.009546,0.02617,-0.040923,-0.015728,-0.041507,0.056488,-0.031357,-0.01847,-0.025033,0.005019,0.011215,-0.039459,-0.040508,0.040081,-0.032807,-0.036185,0.043499,0.006666,-0.038127,-0.043306,0.056571,-0.027964,-0.023236
15.8,0.003481,-0.036333,0.048283,-0.02717,-0.042496,-0.02946,0.03111,-0.01162,0.024026,-0.041201,-0.014018,-0.040977,0.057079,-0.032463,-0.016562,-0.023586,0.007314,0.008914,-0.039298,-0.040817,0.038291,-0.032029,-0.035512,0.045549,0.009392,-0.038771,-0.042915,0.056041,-0.026705,-0.021822
15.8,0.006217,-0.035822,0.046998,-0.025951,-0.04241,-0.028463,0.033796,-0.013655,0.021854,-0.041424,-0.012244,-0.04039,0.05749,-0.033519,-0.014581,-0.022105,0.009644,0.006624,-0.039102,-0.04109,0.036462,-0.031216,-0.034814,0.047482,0.012157,-0.039359,-0.04247,0.05537,-0.025432,-0.020343
15.8,0.009036,-0.035286,0.045624,-0.024649,-0.042282,-0.027444,0.036458,-0.01566,0.019654,-0.041604,-0.010388,-0.039733,0.057733,-0.034539,-0.012521,-0.020558,0.01203,0.004333,-0.038873,-0.041318,0.034592,-0.030359,-0.034078,0.049304,0.014982,-0.039894,-0.041972,0.054563,-0.024127,-0.018774
15.8,0.011898,-0.034717,0.044198,-0.02329,-0.042132,-0.026415,0.039063,-0.017596,0.017461,-0.041734,-0.008473,-0.03903,0.057822,-0.035508,-0.010411,-0.018978,0.014446,0.00208,-0.038617,-0.041522,0.032718,-0.029465,-0.033306,0.050986,0.017846,-0.040383,-0.041444,0.053651,-0.022802,-0.017154
15.8,0.014858,-0.034116,0.042698,-0.021844,-0.041956,-0.025368,0.041655,-0.019495,0.015244,-0.041817,-0.006473,-0.038276,0.057756,-0.036437,-0.008208,-0.017342,0.016921,-0.000164,-0.038325,-0.041708,0.030812,-0.02851,-0.032501,0.052545,0.020844,-0.040829,-0.040891,0.052623,-0.021458,-0.015434
15.8,0.017879,-0.033471,0.041149,-0.020344,-0.041739,-0.024312,0.044179,-0.021337,0.013026,-0.04186,-0.004423,-0.037468,0.057517,-0.037321,-0.005918,-0.015677,0.019416,-0.002366,-0.037992,-0.041852,0.028892,-0.02751,-0.031665,0.053921,0.023973,-0.041241,-0.040305,0.051484,-0.020115,-0.013645
15.8,0.020941,-0.032798,0.039553,-0.018804,-0.041483,-0.023228,0.046608,-0.023132,0.010809,-0.041873,-0.002314,-0.036604,0.057094,-0.038165,-0.003568,-0.013974,0.021916,-0.004535,-0.037622,-0.041955,0.026961,-0.026476,-0.030781,0.055094,0.02724,-0.04161,-0.03968,0.050239,-0.018747,-0.011804
15.8,0.024082,-0.032105,0.037905,-0.017226,-0.041207,-0.022111,0.04896,-0.024886,0.008576,-0.041862,-0.000119,-0.035696,0.056491,-0.038951,-0.001135,-0.012214,0.024465,-0.006696,-0.037237,-0.042039,0.024999,-0.025399,-0.029852,0.056076,0.030663,-0.041944,-0.03904,0.04889,-0.017358,-0.009889
15.8,0.027295,-0.031373,0.036241,-0.015593,-0.040907,-0.020978,0.051186,-0.02658,0.006358,-0.041824,0.002143,-0.034757,0.055716,-0.039689,0.001396,-0.010422,0.027029,-0.00881,-0.036816,-0.042099,0.023041,-0.024274,-0.028891,0.05686,0.034182,-0.042242,-0.03838,0.047473,-0.015966,-0.007897
15.8,0.030575,-0.030601,0.034552,-0.013923,-0.040578,-0.019816,0.053234,-0.028209,0.004161,-0.041741,0.004457,-0.033776,0.054769,-0.040375,0.003992,-0.008595,0.029587,-0.010874,-0.036359,-0.042116,0.02109,-0.0231,-0.027882,0.057444,0.037686,-0.042485,-0.037686,0.045979,-0.014558,-0.005832
15.8,0.033935,-0.029795,0.032812,-0.012209,-0.040217,-0.018613,0.055106,-0.029778,0.001951,-0.041606,0.006844,-0.032739,0.053661,-0.041014,0.006666,-0.006719,0.032157,-0.012916,-0.035864,-0.042079,0.019112,-0.021877,-0.026812,0.057828,0.041099,-0.042687,-0.036949,0.044403,-0.013127,-0.003693
15.9,0.037337,-0.028978,0.031057,-0.010455,-0.039833,-0.017384,0.056782,-0.031299,-0.000241,-0.041437,0.009292,-0.031672,0.052431,-0.041623,0.009386,-0.004812,0.034708,-0.01492,-0.035353,-0.042011,0.017136,-0.020631,-0.025699,0.058027,0.04433,-0.042867,-0.036188,0.042768,-0.011675,-0.001501
15.9,0.040717,-0.028141,0.029296,-0.008663,-0.039446,-0.016139,0.058266,-0.032733,-0.002388,-0.041231,0.011769,-0.030587,0.051106,-0.042196,0.012135,-0.00289,0.037227,-0.016859,-0.034813,-0.041926,0.015187,-0.019352,-0.024555,0.05804,0.047404,-0.043012,-0.035406,0.041101,-0.010227,0.000744
15.9,0.044062,-0.027247,0.027509,-0.006804,-0.039028,-0.014848,0.059571,-0.034103,-0.004516,-0.040942,0.014313,-0.029465,0.049691,-0.042705,0.014932,-0.000929,0.039722,-0.018754,-0.034226,-0.041802,0.01324,-0.018009,-0.023363,0.057862,0.050454,-0.043097,-0.034594,0.039378,-0.008747,0.003076
15.9,0.047323,-0.026308,0.025691,-0.004867,-0.038559,-0.013504,0.060696,-0.035417,-0.006639,-0.040589,0.016915,-0.028288,0.048192,-0.043181,0.017786,0.001083,0.042192,-0.02062,-0.033584,-0.041631,0.011287,-0.016597,-0.022101,0.057491,0.05355,-0.043131,-0.033732,0.037596,-0.007231,0.005496
15.9,0.05044,-0.025359,0.023879,-0.002891,-0.038067,-0.012136,0.061626,-0.036672,-0.008715,-0.040229,0.019541,-0.027086,0.046635,-0.04361,0.020639,0.00311,0.044585,-0.02243,-0.032937,-0.041422,0.009367,-0.015168,-0.020798,0.056931,0.056603,-0.043135,-0.03285,0.035792,-0.005694,0.007958
15.9,0.053481,-0.024379,0.022067,-0.000861,-0.037553,-0.010727,0.062355,-0.03788,-0.010764,-0.039823,0.022201,-0.025862,0.045014,-0.044008,0.023504,0.005165,0.046916,-0.0242,-0.032263,-0.041194,0.007464,-0.013684,-0.019461,0.056197,0.059564,-0.043101,-0.031959,0.033957,-0.004141,0.010488
15.9,0.056448,-0.023341,0.020244,0.001238,-0.037011,-0.009285,0.06286,-0.03903,-0.012778,-0.039364,0.024884,-0.02461,0.043327,-0.044345,0.026382,0.007246,0.049177,-2.59E-02,-0.031529,-0.040912,0.005578,-0.012146,-0.018082,0.055297,0.062386,-0.043008,-0.031045,0.032086,-0.00255,0.013089
15.9,0.059295,-0.022252,0.018416,0.003413,-0.036419,-0.007783,0.063146,-0.04013,-0.014758,-0.038864,0.027603,-0.023317,0.04158,-0.044644,0.029288,0.009366,0.051356,-0.027581,-0.03075,-0.040574,0.003711,-0.010525,-0.016636,0.054261,0.065006,-0.042875,-0.030093,0.030184,-0.000919,0.015772
15.9,0.061938,-0.021135,0.016603,0.005631,-0.035795,-0.006246,0.063218,-0.041181,-0.016694,-0.038352,0.03033,-0.022003,0.0398,-0.044931,0.032195,0.011506,0.053429,-0.029205,-0.029949,-0.040192,0.001879,-0.008867,-0.01516,0.053123,0.067331,-0.042731,-0.029123,0.028277,0.000743,0.01851
15.9,0.06439,-0.019971,0.014791,0.007903,-0.035145,-0.004661,0.063091,-0.042186,-0.018595,-0.037812,0.033079,-0.02067,0.037981,-0.045183,0.03513,0.013674,0.05539,-0.030774,-0.029119,-0.039754,7.50E-05,-0.007157,-0.013636,0.051885,0.069372,-0.042564,-0.028135,0.026352,0.002448,0.021298
15.9,0.066642,-0.018768,0.013005,0.010219,-0.034461,-0.003054,0.06276,-0.043116,-0.020432,-0.037246,0.035809,-0.019334,0.036135,-0.045376,0.038102,0.015843,0.057181,-0.03228,-0.028243,-0.039295,-0.001686,-0.005391,-0.012094,0.050558,0.071236,-0.042361,-0.027138,0.024429,0.004171,0.024115
15.9,0.068852,-0.017501,0.011207,0.01262,-0.033735,-0.001386,0.062227,-0.043986,-0.022244,-0.036633,0.038583,-0.01797,0.034232,-0.045526,0.041196,0.01806,0.058821,-0.033745,-0.02731,-0.038778,-0.003441,-0.003537,-0.010495,0.049121,0.073046,-0.042125,-0.026107,0.022474,0.005948,0.027021
16,0.071012,-0.016207,0.009436,0.01505,-0.032971,0.000317,0.061498,-0.044797,-0.023996,-0.036009,0.041339,-0.016597,0.032327,-0.045635,0.044328,0.020281,0.060286,-0.035165,-0.026349,-0.038226,-0.005153,-0.00164,-0.008871,0.047615,0.074644,-0.041853,-0.025058,0.020538,0.007757,0.029942
16,0.07295,-0.014866,0.007672,0.017527,-0.03217,0.002076,0.06057,-0.045547,-0.025696,-0.035353,0.044102,-0.015207,0.030396,-0.045702,0.047485,0.022537,0.061582,-0.036523,-0.025355,-0.03763,-0.006827,0.000311,-0.007202,0.046028,0.075864,-0.041557,-0.02398,0.018597,0.009625,0.032903
16,0.07457,-0.013487,0.005926,0.020046,-0.03134,0.003862,0.059472,-0.046219,-0.027337,-0.034658,0.04683,-0.013816,0.028458,-0.045713,0.050605,0.024797,0.062697,-0.037819,-0.024324,-0.03701,-0.008466,0.00232,-0.005515,0.044383,0.076637,-0.041229,-0.022897,0.016663,0.011521,0.035895
16,0.0759,-0.012042,0.00419,0.022627,-0.030472,0.005692,0.058225,-0.046834,-0.028932,-0.033916,0.049514,-0.012418,0.026507,-0.04568,0.053655,0.027075,0.063622,-0.03908,-0.023231,-0.036334,-0.010084,0.004409,-0.003802,0.042674,0.076972,-0.040854,-0.021792,0.014726,0.013455,0.038934
16,0.076886,-0.010551,0.00246,0.025244,-0.029561,0.00757,0.056859,-0.047399,-0.030469,-0.033152,0.052119,-0.011,0.024557,-0.045617,0.056588,0.029369,0.064338,-0.040283,-0.022102,-0.035592,-0.011664,0.00655,-0.002058,0.040924,0.076979,-0.04046,-0.020656,0.012794,0.015437,0.041997
16,0.077526,-0.009038,0.000746,0.027873,-0.028606,0.009493,0.055408,-0.04791,-0.031944,-0.032362,0.054623,-0.009566,0.02262,-0.045517,0.059434,0.031676,0.064829,-0.041424,-0.020947,-0.034782,-0.013214,0.00873,-0.000287,0.039154,0.076775,-0.040039,-0.019495,0.010878,0.017463,0.045078
16,0.077847,-0.007476,-0.000928,0.030531,-0.027622,0.011439,0.053874,-0.048379,-0.03335,-0.031543,0.056988,-0.008136,0.020717,-0.045382,0.062202,0.033976,0.065079,-0.042507,-0.019755,-0.033919,-0.014704,0.01096,0.001494,0.037376,0.076334,-0.039577,-0.018322,0.009003,0.019513,0.048169
